100 100
0 0 7
0 1 7
0 2 7
0 3 3
0 4 3
0 5 3
0 6 3
0 7 3
0 8 3
0 9 3
0 10 3
0 11 3
0 12 3
0 13 3
0 14 3
0 15 3
0 16 3
0 17 3
0 18 3
0 19 3
0 20 3
0 21 3
0 22 3
0 23 3
0 24 3
0 25 3
0 26 3
0 27 3
0 28 8
0 29 8
0 30 8
0 31 8
0 32 8
0 33 8
0 34 8
0 35 8
0 36 8
0 37 8
0 38 8
0 39 8
0 40 8
0 41 8
0 42 8
0 43 8
0 44 8
0 45 8
0 46 8
0 47 8
0 48 8
0 49 8
0 50 8
0 51 8
0 52 8
0 53 8
0 54 8
0 55 8
0 56 8
0 57 8
0 58 8
0 59 8
0 60 8
0 61 8
0 62 8
0 63 8
0 64 8
0 65 8
0 66 8
0 67 8
0 68 8
0 69 8
0 70 8
0 71 8
0 72 8
0 73 8
0 74 8
0 75 8
0 76 8
0 77 8
0 78 8
0 79 8
0 80 8
0 81 8
0 82 8
0 83 8
0 84 8
0 85 8
0 86 8
0 87 8
0 88 8
0 89 8
0 90 8
0 91 8
0 92 8
0 93 8
0 94 8
0 95 8
0 96 8
0 97 8
0 98 8
0 99 8
1 0 7
1 1 7
1 2 7
1 3 7
1 4 3
1 5 3
1 6 3
1 7 3
1 8 3
1 9 3
1 10 3
1 11 3
1 12 3
1 13 3
1 14 3
1 15 3
1 16 3
1 17 3
1 18 3
1 19 3
1 20 3
1 21 3
1 22 3
1 23 3
1 24 3
1 25 3
1 26 3
1 27 3
1 28 3
1 29 8
1 30 8
1 31 8
1 32 8
1 33 8
1 34 8
1 35 8
1 36 8
1 37 8
1 38 8
1 39 8
1 40 8
1 41 8
1 42 8
1 43 8
1 44 8
1 45 8
1 46 8
1 47 8
1 48 8
1 49 8
1 50 8
1 51 8
1 52 8
1 53 8
1 54 8
1 55 8
1 56 8
1 57 8
1 58 8
1 59 8
1 60 8
1 61 8
1 62 8
1 63 8
1 64 8
1 65 8
1 66 8
1 67 8
1 68 8
1 69 8
1 70 8
1 71 8
1 72 8
1 73 8
1 74 8
1 75 8
1 76 8
1 77 8
1 78 8
1 79 8
1 80 8
1 81 8
1 82 8
1 83 8
1 84 8
1 85 8
1 86 8
1 87 8
1 88 8
1 89 8
1 90 8
1 91 8
1 92 8
1 93 8
1 94 8
1 95 8
1 96 8
1 97 8
1 98 8
1 99 8
2 0 7
2 1 7
2 2 7
2 3 7
2 4 7
2 5 3
2 6 3
2 7 3
2 8 3
2 9 3
2 10 3
2 11 3
2 12 3
2 13 3
2 14 3
2 15 3
2 16 3
2 17 3
2 18 3
2 19 3
2 20 3
2 21 3
2 22 3
2 23 3
2 24 3
2 25 3
2 26 3
2 27 3
2 28 3
2 29 3
2 30 8
2 31 8
2 32 8
2 33 8
2 34 8
2 35 8
2 36 8
2 37 8
2 38 8
2 39 8
2 40 8
2 41 8
2 42 8
2 43 8
2 44 8
2 45 8
2 46 8
2 47 8
2 48 8
2 49 8
2 50 8
2 51 8
2 52 8
2 53 8
2 54 8
2 55 8
2 56 8
2 57 8
2 58 8
2 59 8
2 60 8
2 61 8
2 62 8
2 63 8
2 64 8
2 65 8
2 66 8
2 67 8
2 68 8
2 69 8
2 70 8
2 71 8
2 72 8
2 73 8
2 74 8
2 75 8
2 76 8
2 77 8
2 78 8
2 79 8
2 80 8
2 81 8
2 82 8
2 83 8
2 84 8
2 85 8
2 86 8
2 87 8
2 88 8
2 89 8
2 90 8
2 91 8
2 92 8
2 93 8
2 94 8
2 95 8
2 96 8
2 97 8
2 98 8
2 99 8
3 0 7
3 1 7
3 2 7
3 3 7
3 4 7
3 5 7
3 6 7
3 7 3
3 8 3
3 9 3
3 10 3
3 11 3
3 12 3
3 13 3
3 14 3
3 15 3
3 16 3
3 17 3
3 18 3
3 19 3
3 20 3
3 21 3
3 22 3
3 23 3
3 24 3
3 25 3
3 26 3
3 27 3
3 28 3
3 29 3
3 30 3
3 31 3
3 32 8
3 33 8
3 34 8
3 35 8
3 36 8
3 37 8
3 38 8
3 39 8
3 40 8
3 41 8
3 42 8
3 43 8
3 44 8
3 45 8
3 46 8
3 47 8
3 48 8
3 49 8
3 50 8
3 51 8
3 52 8
3 53 8
3 54 8
3 55 8
3 56 8
3 57 8
3 58 8
3 59 8
3 60 8
3 61 8
3 62 8
3 63 8
3 64 8
3 65 8
3 66 8
3 67 8
3 68 8
3 69 8
3 70 8
3 71 8
3 72 8
3 73 8
3 74 8
3 75 8
3 76 8
3 77 8
3 78 8
3 79 8
3 80 8
3 81 8
3 82 8
3 83 8
3 84 8
3 85 8
3 86 8
3 87 8
3 88 8
3 89 8
3 90 8
3 91 8
3 92 8
3 93 8
3 94 8
3 95 8
3 96 8
3 97 8
3 98 8
3 99 8
4 0 7
4 1 7
4 2 7
4 3 7
4 4 7
4 5 7
4 6 7
4 7 3
4 8 3
4 9 3
4 10 3
4 11 3
4 12 3
4 13 3
4 14 3
4 15 3
4 16 3
4 17 3
4 18 3
4 19 3
4 20 3
4 21 3
4 22 3
4 23 3
4 24 3
4 25 3
4 26 3
4 27 3
4 28 3
4 29 3
4 30 3
4 31 3
4 32 3
4 33 3
4 34 8
4 35 8
4 36 8
4 37 8
4 38 8
4 39 8
4 40 8
4 41 8
4 42 8
4 43 8
4 44 8
4 45 8
4 46 8
4 47 8
4 48 8
4 49 8
4 50 8
4 51 8
4 52 8
4 53 8
4 54 8
4 55 8
4 56 8
4 57 8
4 58 8
4 59 8
4 60 8
4 61 8
4 62 8
4 63 8
4 64 8
4 65 8
4 66 8
4 67 8
4 68 8
4 69 8
4 70 8
4 71 8
4 72 8
4 73 8
4 74 8
4 75 8
4 76 8
4 77 8
4 78 8
4 79 8
4 80 8
4 81 8
4 82 8
4 83 8
4 84 8
4 85 8
4 86 8
4 87 8
4 88 8
4 89 8
4 90 8
4 91 8
4 92 8
4 93 8
4 94 8
4 95 8
4 96 8
4 97 8
4 98 8
4 99 8
5 0 7
5 1 7
5 2 7
5 3 7
5 4 7
5 5 7
5 6 7
5 7 7
5 8 7
5 9 7
5 10 3
5 11 3
5 12 3
5 13 3
5 14 3
5 15 3
5 16 3
5 17 3
5 18 3
5 19 3
5 20 3
5 21 3
5 22 3
5 23 3
5 24 3
5 25 3
5 26 3
5 27 3
5 28 3
5 29 3
5 30 3
5 31 3
5 32 3
5 33 3
5 34 8
5 35 8
5 36 8
5 37 8
5 38 8
5 39 8
5 40 8
5 41 8
5 42 8
5 43 8
5 44 8
5 45 8
5 46 8
5 47 8
5 48 8
5 49 8
5 50 8
5 51 8
5 52 8
5 53 8
5 54 8
5 55 8
5 56 8
5 57 8
5 58 8
5 59 8
5 60 8
5 61 8
5 62 8
5 63 8
5 64 8
5 65 8
5 66 8
5 67 8
5 68 8
5 69 8
5 70 8
5 71 8
5 72 8
5 73 8
5 74 8
5 75 8
5 76 8
5 77 8
5 78 8
5 79 8
5 80 8
5 81 8
5 82 8
5 83 8
5 84 8
5 85 8
5 86 8
5 87 8
5 88 8
5 89 8
5 90 8
5 91 8
5 92 8
5 93 8
5 94 8
5 95 8
5 96 8
5 97 8
5 98 8
5 99 8
6 0 7
6 1 7
6 2 7
6 3 7
6 4 7
6 5 7
6 6 7
6 7 7
6 8 7
6 9 7
6 10 7
6 11 3
6 12 3
6 13 3
6 14 3
6 15 3
6 16 3
6 17 3
6 18 3
6 19 3
6 20 3
6 21 3
6 22 3
6 23 3
6 24 3
6 25 3
6 26 3
6 27 3
6 28 3
6 29 3
6 30 3
6 31 3
6 32 3
6 33 3
6 34 3
6 35 8
6 36 8
6 37 8
6 38 8
6 39 8
6 40 8
6 41 8
6 42 8
6 43 8
6 44 8
6 45 8
6 46 8
6 47 8
6 48 8
6 49 8
6 50 8
6 51 8
6 52 8
6 53 8
6 54 8
6 55 8
6 56 8
6 57 8
6 58 8
6 59 8
6 60 8
6 61 8
6 62 8
6 63 8
6 64 8
6 65 8
6 66 8
6 67 8
6 68 8
6 69 8
6 70 8
6 71 8
6 72 8
6 73 8
6 74 8
6 75 8
6 76 8
6 77 8
6 78 8
6 79 8
6 80 8
6 81 8
6 82 8
6 83 8
6 84 8
6 85 8
6 86 8
6 87 8
6 88 8
6 89 8
6 90 8
6 91 8
6 92 8
6 93 8
6 94 8
6 95 8
6 96 8
6 97 8
6 98 8
6 99 8
7 0 7
7 1 7
7 2 7
7 3 7
7 4 7
7 5 7
7 6 7
7 7 7
7 8 7
7 9 7
7 10 7
7 11 7
7 12 7
7 13 3
7 14 3
7 15 3
7 16 3
7 17 3
7 18 3
7 19 3
7 20 3
7 21 3
7 22 3
7 23 3
7 24 3
7 25 3
7 26 3
7 27 3
7 28 3
7 29 3
7 30 3
7 31 3
7 32 3
7 33 3
7 34 3
7 35 3
7 36 8
7 37 8
7 38 8
7 39 8
7 40 8
7 41 8
7 42 8
7 43 8
7 44 8
7 45 8
7 46 8
7 47 8
7 48 8
7 49 8
7 50 8
7 51 8
7 52 8
7 53 8
7 54 8
7 55 8
7 56 8
7 57 8
7 58 8
7 59 8
7 60 8
7 61 8
7 62 8
7 63 8
7 64 8
7 65 8
7 66 8
7 67 8
7 68 8
7 69 8
7 70 8
7 71 8
7 72 8
7 73 8
7 74 8
7 75 8
7 76 8
7 77 8
7 78 8
7 79 8
7 80 8
7 81 8
7 82 8
7 83 8
7 84 8
7 85 8
7 86 8
7 87 8
7 88 8
7 89 8
7 90 8
7 91 8
7 92 8
7 93 8
7 94 8
7 95 8
7 96 8
7 97 8
7 98 8
7 99 8
8 0 7
8 1 7
8 2 7
8 3 7
8 4 7
8 5 7
8 6 7
8 7 7
8 8 7
8 9 7
8 10 7
8 11 7
8 12 3
8 13 3
8 14 3
8 15 3
8 16 3
8 17 3
8 18 3
8 19 3
8 20 3
8 21 3
8 22 3
8 23 3
8 24 3
8 25 3
8 26 3
8 27 3
8 28 3
8 29 3
8 30 3
8 31 3
8 32 3
8 33 3
8 34 3
8 35 3
8 36 8
8 37 8
8 38 8
8 39 8
8 40 8
8 41 8
8 42 8
8 43 8
8 44 8
8 45 8
8 46 8
8 47 8
8 48 8
8 49 8
8 50 8
8 51 8
8 52 8
8 53 8
8 54 8
8 55 8
8 56 8
8 57 8
8 58 8
8 59 8
8 60 8
8 61 8
8 62 8
8 63 8
8 64 8
8 65 8
8 66 8
8 67 8
8 68 8
8 69 8
8 70 8
8 71 8
8 72 8
8 73 8
8 74 8
8 75 8
8 76 8
8 77 8
8 78 8
8 79 8
8 80 8
8 81 8
8 82 8
8 83 8
8 84 8
8 85 8
8 86 8
8 87 8
8 88 8
8 89 8
8 90 8
8 91 8
8 92 8
8 93 8
8 94 8
8 95 8
8 96 8
8 97 8
8 98 8
8 99 8
9 0 7
9 1 7
9 2 7
9 3 7
9 4 7
9 5 7
9 6 7
9 7 7
9 8 7
9 9 7
9 10 7
9 11 7
9 12 3
9 13 3
9 14 3
9 15 3
9 16 3
9 17 3
9 18 3
9 19 3
9 20 3
9 21 3
9 22 3
9 23 3
9 24 3
9 25 3
9 26 3
9 27 3
9 28 3
9 29 3
9 30 3
9 31 3
9 32 3
9 33 3
9 34 3
9 35 3
9 36 3
9 37 8
9 38 8
9 39 8
9 40 8
9 41 8
9 42 8
9 43 8
9 44 8
9 45 8
9 46 8
9 47 8
9 48 8
9 49 8
9 50 8
9 51 8
9 52 8
9 53 8
9 54 8
9 55 8
9 56 8
9 57 8
9 58 8
9 59 8
9 60 8
9 61 8
9 62 8
9 63 8
9 64 8
9 65 8
9 66 8
9 67 8
9 68 8
9 69 8
9 70 8
9 71 8
9 72 8
9 73 8
9 74 8
9 75 8
9 76 8
9 77 8
9 78 8
9 79 8
9 80 8
9 81 8
9 82 8
9 83 8
9 84 8
9 85 8
9 86 8
9 87 8
9 88 8
9 89 8
9 90 8
9 91 8
9 92 8
9 93 8
9 94 8
9 95 8
9 96 8
9 97 8
9 98 8
9 99 8
10 0 7
10 1 7
10 2 7
10 3 7
10 4 7
10 5 7
10 6 7
10 7 7
10 8 7
10 9 7
10 10 7
10 11 7
10 12 7
10 13 3
10 14 3
10 15 3
10 16 3
10 17 3
10 18 3
10 19 3
10 20 3
10 21 3
10 22 3
10 23 3
10 24 3
10 25 3
10 26 3
10 27 3
10 28 3
10 29 3
10 30 3
10 31 3
10 32 3
10 33 3
10 34 3
10 35 3
10 36 3
10 37 8
10 38 8
10 39 8
10 40 8
10 41 8
10 42 8
10 43 8
10 44 8
10 45 8
10 46 8
10 47 8
10 48 8
10 49 8
10 50 8
10 51 8
10 52 8
10 53 8
10 54 8
10 55 8
10 56 8
10 57 8
10 58 8
10 59 8
10 60 8
10 61 8
10 62 8
10 63 8
10 64 8
10 65 8
10 66 8
10 67 8
10 68 8
10 69 8
10 70 8
10 71 8
10 72 8
10 73 8
10 74 8
10 75 8
10 76 8
10 77 8
10 78 8
10 79 8
10 80 8
10 81 8
10 82 8
10 83 8
10 84 8
10 85 8
10 86 8
10 87 8
10 88 8
10 89 8
10 90 8
10 91 8
10 92 8
10 93 8
10 94 8
10 95 8
10 96 8
10 97 8
10 98 8
10 99 8
11 0 7
11 1 7
11 2 7
11 3 7
11 4 7
11 5 7
11 6 7
11 7 7
11 8 7
11 9 7
11 10 7
11 11 7
11 12 7
11 13 7
11 14 3
11 15 3
11 16 3
11 17 3
11 18 3
11 19 3
11 20 3
11 21 3
11 22 3
11 23 3
11 24 3
11 25 3
11 26 3
11 27 3
11 28 3
11 29 3
11 30 3
11 31 3
11 32 3
11 33 3
11 34 3
11 35 3
11 36 3
11 37 3
11 38 3
11 39 3
11 40 8
11 41 8
11 42 8
11 43 8
11 44 8
11 45 8
11 46 8
11 47 8
11 48 8
11 49 8
11 50 8
11 51 8
11 52 8
11 53 8
11 54 8
11 55 8
11 56 8
11 57 8
11 58 8
11 59 8
11 60 8
11 61 8
11 62 8
11 63 8
11 64 8
11 65 8
11 66 8
11 67 8
11 68 8
11 69 8
11 70 8
11 71 8
11 72 8
11 73 8
11 74 8
11 75 8
11 76 8
11 77 8
11 78 8
11 79 8
11 80 8
11 81 8
11 82 8
11 83 8
11 84 8
11 85 8
11 86 8
11 87 8
11 88 8
11 89 8
11 90 8
11 91 8
11 92 8
11 93 8
11 94 8
11 95 8
11 96 8
11 97 8
11 98 8
11 99 8
12 0 7
12 1 7
12 2 7
12 3 7
12 4 7
12 5 7
12 6 7
12 7 7
12 8 7
12 9 7
12 10 7
12 11 7
12 12 7
12 13 7
12 14 7
12 15 3
12 16 3
12 17 3
12 18 3
12 19 3
12 20 3
12 21 3
12 22 3
12 23 3
12 24 3
12 25 3
12 26 3
12 27 3
12 28 3
12 29 3
12 30 3
12 31 3
12 32 3
12 33 3
12 34 3
12 35 3
12 36 3
12 37 3
12 38 3
12 39 3
12 40 3
12 41 8
12 42 8
12 43 8
12 44 8
12 45 8
12 46 8
12 47 8
12 48 8
12 49 8
12 50 8
12 51 8
12 52 8
12 53 8
12 54 8
12 55 8
12 56 8
12 57 8
12 58 8
12 59 8
12 60 8
12 61 8
12 62 8
12 63 8
12 64 8
12 65 8
12 66 8
12 67 8
12 68 8
12 69 8
12 70 8
12 71 8
12 72 8
12 73 8
12 74 8
12 75 8
12 76 8
12 77 8
12 78 8
12 79 8
12 80 8
12 81 8
12 82 8
12 83 8
12 84 8
12 85 8
12 86 8
12 87 8
12 88 8
12 89 8
12 90 8
12 91 8
12 92 8
12 93 8
12 94 8
12 95 8
12 96 8
12 97 8
12 98 8
12 99 8
13 0 7
13 1 7
13 2 7
13 3 7
13 4 7
13 5 7
13 6 7
13 7 7
13 8 7
13 9 7
13 10 7
13 11 7
13 12 7
13 13 7
13 14 7
13 15 3
13 16 3
13 17 3
13 18 3
13 19 3
13 20 3
13 21 3
13 22 3
13 23 3
13 24 3
13 25 3
13 26 3
13 27 3
13 28 3
13 29 3
13 30 3
13 31 3
13 32 3
13 33 3
13 34 3
13 35 3
13 36 3
13 37 3
13 38 3
13 39 3
13 40 3
13 41 3
13 42 3
13 43 3
13 44 8
13 45 8
13 46 8
13 47 8
13 48 8
13 49 8
13 50 8
13 51 8
13 52 8
13 53 8
13 54 8
13 55 8
13 56 8
13 57 8
13 58 8
13 59 8
13 60 8
13 61 8
13 62 8
13 63 8
13 64 8
13 65 8
13 66 8
13 67 8
13 68 8
13 69 8
13 70 8
13 71 8
13 72 8
13 73 8
13 74 8
13 75 8
13 76 8
13 77 8
13 78 8
13 79 8
13 80 8
13 81 8
13 82 8
13 83 8
13 84 8
13 85 8
13 86 8
13 87 8
13 88 8
13 89 8
13 90 8
13 91 8
13 92 8
13 93 8
13 94 8
13 95 8
13 96 8
13 97 8
13 98 8
13 99 8
14 0 7
14 1 7
14 2 7
14 3 7
14 4 7
14 5 7
14 6 7
14 7 7
14 8 7
14 9 7
14 10 7
14 11 7
14 12 7
14 13 7
14 14 7
14 15 7
14 16 7
14 17 3
14 18 3
14 19 3
14 20 3
14 21 3
14 22 3
14 23 3
14 24 3
14 25 3
14 26 3
14 27 3
14 28 3
14 29 3
14 30 3
14 31 3
14 32 3
14 33 3
14 34 3
14 35 3
14 36 3
14 37 3
14 38 3
14 39 3
14 40 3
14 41 3
14 42 3
14 43 3
14 44 3
14 45 8
14 46 8
14 47 8
14 48 8
14 49 8
14 50 8
14 51 8
14 52 8
14 53 8
14 54 8
14 55 8
14 56 8
14 57 8
14 58 8
14 59 8
14 60 8
14 61 8
14 62 8
14 63 8
14 64 8
14 65 8
14 66 8
14 67 8
14 68 8
14 69 8
14 70 8
14 71 8
14 72 8
14 73 8
14 74 8
14 75 8
14 76 8
14 77 8
14 78 8
14 79 8
14 80 8
14 81 8
14 82 8
14 83 8
14 84 8
14 85 8
14 86 8
14 87 8
14 88 8
14 89 8
14 90 8
14 91 8
14 92 8
14 93 8
14 94 8
14 95 8
14 96 8
14 97 8
14 98 8
14 99 8
15 0 7
15 1 7
15 2 7
15 3 7
15 4 7
15 5 7
15 6 7
15 7 7
15 8 7
15 9 7
15 10 7
15 11 7
15 12 7
15 13 7
15 14 7
15 15 7
15 16 7
15 17 7
15 18 3
15 19 3
15 20 3
15 21 3
15 22 3
15 23 3
15 24 3
15 25 3
15 26 3
15 27 3
15 28 3
15 29 3
15 30 3
15 31 3
15 32 3
15 33 3
15 34 3
15 35 3
15 36 3
15 37 3
15 38 3
15 39 3
15 40 3
15 41 3
15 42 3
15 43 3
15 44 3
15 45 3
15 46 8
15 47 8
15 48 8
15 49 8
15 50 8
15 51 8
15 52 8
15 53 8
15 54 8
15 55 8
15 56 8
15 57 8
15 58 8
15 59 8
15 60 8
15 61 8
15 62 8
15 63 8
15 64 8
15 65 8
15 66 8
15 67 8
15 68 8
15 69 8
15 70 8
15 71 8
15 72 8
15 73 8
15 74 8
15 75 8
15 76 8
15 77 8
15 78 8
15 79 8
15 80 8
15 81 8
15 82 8
15 83 8
15 84 8
15 85 8
15 86 8
15 87 8
15 88 8
15 89 8
15 90 8
15 91 8
15 92 8
15 93 8
15 94 8
15 95 8
15 96 8
15 97 8
15 98 8
15 99 8
16 0 7
16 1 7
16 2 7
16 3 7
16 4 7
16 5 7
16 6 7
16 7 7
16 8 7
16 9 7
16 10 7
16 11 7
16 12 7
16 13 7
16 14 7
16 15 7
16 16 7
16 17 7
16 18 3
16 19 3
16 20 3
16 21 3
16 22 3
16 23 3
16 24 3
16 25 3
16 26 3
16 27 3
16 28 3
16 29 3
16 30 3
16 31 3
16 32 3
16 33 3
16 34 3
16 35 3
16 36 3
16 37 3
16 38 3
16 39 3
16 40 3
16 41 3
16 42 3
16 43 3
16 44 3
16 45 3
16 46 3
16 47 8
16 48 8
16 49 8
16 50 8
16 51 8
16 52 8
16 53 8
16 54 8
16 55 8
16 56 8
16 57 8
16 58 8
16 59 8
16 60 8
16 61 8
16 62 8
16 63 8
16 64 8
16 65 8
16 66 8
16 67 8
16 68 8
16 69 8
16 70 8
16 71 8
16 72 8
16 73 8
16 74 8
16 75 8
16 76 8
16 77 8
16 78 8
16 79 8
16 80 8
16 81 8
16 82 8
16 83 8
16 84 8
16 85 8
16 86 8
16 87 8
16 88 8
16 89 8
16 90 8
16 91 8
16 92 8
16 93 8
16 94 8
16 95 8
16 96 8
16 97 8
16 98 8
16 99 8
17 0 7
17 1 7
17 2 7
17 3 7
17 4 7
17 5 7
17 6 7
17 7 7
17 8 7
17 9 7
17 10 7
17 11 7
17 12 7
17 13 7
17 14 7
17 15 7
17 16 7
17 17 7
17 18 7
17 19 3
17 20 3
17 21 3
17 22 3
17 23 3
17 24 3
17 25 3
17 26 3
17 27 3
17 28 3
17 29 3
17 30 3
17 31 3
17 32 3
17 33 3
17 34 3
17 35 3
17 36 3
17 37 3
17 38 3
17 39 3
17 40 3
17 41 3
17 42 3
17 43 3
17 44 3
17 45 3
17 46 3
17 47 8
17 48 8
17 49 8
17 50 8
17 51 8
17 52 8
17 53 8
17 54 8
17 55 8
17 56 8
17 57 8
17 58 8
17 59 8
17 60 8
17 61 8
17 62 8
17 63 8
17 64 8
17 65 8
17 66 8
17 67 8
17 68 8
17 69 8
17 70 8
17 71 8
17 72 8
17 73 8
17 74 8
17 75 8
17 76 8
17 77 8
17 78 8
17 79 8
17 80 8
17 81 8
17 82 8
17 83 8
17 84 8
17 85 8
17 86 8
17 87 8
17 88 8
17 89 8
17 90 8
17 91 8
17 92 8
17 93 8
17 94 8
17 95 8
17 96 8
17 97 8
17 98 8
17 99 8
18 0 7
18 1 7
18 2 7
18 3 7
18 4 7
18 5 7
18 6 7
18 7 7
18 8 7
18 9 7
18 10 7
18 11 7
18 12 7
18 13 7
18 14 7
18 15 7
18 16 7
18 17 7
18 18 7
18 19 3
18 20 3
18 21 3
18 22 3
18 23 3
18 24 3
18 25 3
18 26 3
18 27 3
18 28 3
18 29 3
18 30 3
18 31 3
18 32 3
18 33 3
18 34 3
18 35 3
18 36 3
18 37 3
18 38 3
18 39 3
18 40 3
18 41 3
18 42 3
18 43 3
18 44 3
18 45 3
18 46 3
18 47 3
18 48 3
18 49 8
18 50 8
18 51 8
18 52 8
18 53 8
18 54 8
18 55 8
18 56 8
18 57 8
18 58 8
18 59 8
18 60 8
18 61 8
18 62 8
18 63 8
18 64 8
18 65 8
18 66 8
18 67 8
18 68 8
18 69 8
18 70 8
18 71 8
18 72 8
18 73 8
18 74 8
18 75 8
18 76 8
18 77 8
18 78 8
18 79 8
18 80 8
18 81 8
18 82 8
18 83 8
18 84 8
18 85 8
18 86 8
18 87 8
18 88 8
18 89 8
18 90 8
18 91 8
18 92 8
18 93 8
18 94 8
18 95 8
18 96 8
18 97 8
18 98 8
18 99 8
19 0 7
19 1 7
19 2 7
19 3 7
19 4 7
19 5 7
19 6 7
19 7 7
19 8 7
19 9 7
19 10 7
19 11 7
19 12 7
19 13 7
19 14 7
19 15 7
19 16 7
19 17 7
19 18 7
19 19 3
19 20 3
19 21 3
19 22 3
19 23 3
19 24 3
19 25 3
19 26 3
19 27 3
19 28 3
19 29 3
19 30 3
19 31 3
19 32 3
19 33 3
19 34 3
19 35 3
19 36 3
19 37 3
19 38 3
19 39 3
19 40 3
19 41 3
19 42 3
19 43 3
19 44 3
19 45 3
19 46 3
19 47 3
19 48 3
19 49 3
19 50 8
19 51 3
19 52 8
19 53 8
19 54 8
19 55 8
19 56 8
19 57 8
19 58 8
19 59 8
19 60 8
19 61 8
19 62 8
19 63 8
19 64 8
19 65 8
19 66 8
19 67 8
19 68 8
19 69 8
19 70 8
19 71 8
19 72 8
19 73 8
19 74 8
19 75 8
19 76 8
19 77 8
19 78 8
19 79 8
19 80 8
19 81 8
19 82 8
19 83 8
19 84 8
19 85 8
19 86 8
19 87 8
19 88 8
19 89 8
19 90 8
19 91 8
19 92 8
19 93 8
19 94 8
19 95 8
19 96 8
19 97 8
19 98 8
19 99 8
20 0 7
20 1 7
20 2 7
20 3 7
20 4 7
20 5 7
20 6 7
20 7 7
20 8 7
20 9 7
20 10 7
20 11 7
20 12 7
20 13 7
20 14 7
20 15 7
20 16 7
20 17 7
20 18 7
20 19 7
20 20 3
20 21 3
20 22 3
20 23 3
20 24 3
20 25 3
20 26 3
20 27 3
20 28 3
20 29 3
20 30 3
20 31 3
20 32 3
20 33 3
20 34 3
20 35 3
20 36 3
20 37 3
20 38 3
20 39 3
20 40 3
20 41 3
20 42 3
20 43 3
20 44 3
20 45 3
20 46 3
20 47 3
20 48 3
20 49 3
20 50 3
20 51 3
20 52 8
20 53 8
20 54 8
20 55 8
20 56 8
20 57 8
20 58 8
20 59 8
20 60 8
20 61 8
20 62 8
20 63 8
20 64 8
20 65 8
20 66 8
20 67 8
20 68 8
20 69 8
20 70 8
20 71 8
20 72 8
20 73 8
20 74 8
20 75 8
20 76 8
20 77 8
20 78 8
20 79 8
20 80 8
20 81 8
20 82 8
20 83 8
20 84 8
20 85 8
20 86 8
20 87 8
20 88 8
20 89 8
20 90 8
20 91 8
20 92 8
20 93 8
20 94 8
20 95 8
20 96 8
20 97 8
20 98 8
20 99 8
21 0 7
21 1 7
21 2 7
21 3 7
21 4 7
21 5 7
21 6 7
21 7 7
21 8 7
21 9 7
21 10 7
21 11 7
21 12 7
21 13 7
21 14 7
21 15 7
21 16 7
21 17 7
21 18 7
21 19 7
21 20 7
21 21 3
21 22 3
21 23 3
21 24 3
21 25 3
21 26 3
21 27 3
21 28 3
21 29 3
21 30 3
21 31 3
21 32 3
21 33 3
21 34 3
21 35 3
21 36 3
21 37 3
21 38 3
21 39 3
21 40 3
21 41 3
21 42 3
21 43 3
21 44 3
21 45 3
21 46 3
21 47 3
21 48 3
21 49 3
21 50 3
21 51 3
21 52 3
21 53 8
21 54 8
21 55 8
21 56 8
21 57 8
21 58 8
21 59 8
21 60 8
21 61 8
21 62 8
21 63 8
21 64 8
21 65 8
21 66 8
21 67 8
21 68 8
21 69 8
21 70 8
21 71 8
21 72 8
21 73 8
21 74 8
21 75 8
21 76 8
21 77 8
21 78 8
21 79 8
21 80 8
21 81 8
21 82 8
21 83 8
21 84 8
21 85 8
21 86 8
21 87 8
21 88 8
21 89 8
21 90 8
21 91 8
21 92 8
21 93 8
21 94 8
21 95 8
21 96 8
21 97 8
21 98 8
21 99 8
22 0 7
22 1 7
22 2 7
22 3 7
22 4 7
22 5 7
22 6 7
22 7 7
22 8 7
22 9 7
22 10 7
22 11 7
22 12 7
22 13 7
22 14 7
22 15 7
22 16 7
22 17 7
22 18 7
22 19 7
22 20 7
22 21 3
22 22 3
22 23 3
22 24 3
22 25 3
22 26 3
22 27 3
22 28 3
22 29 3
22 30 3
22 31 3
22 32 3
22 33 3
22 34 3
22 35 3
22 36 3
22 37 3
22 38 3
22 39 3
22 40 3
22 41 3
22 42 3
22 43 3
22 44 3
22 45 3
22 46 3
22 47 3
22 48 3
22 49 3
22 50 3
22 51 3
22 52 3
22 53 3
22 54 3
22 55 8
22 56 8
22 57 8
22 58 8
22 59 8
22 60 8
22 61 8
22 62 8
22 63 8
22 64 8
22 65 8
22 66 8
22 67 8
22 68 8
22 69 8
22 70 8
22 71 8
22 72 8
22 73 8
22 74 8
22 75 8
22 76 8
22 77 8
22 78 8
22 79 8
22 80 8
22 81 8
22 82 8
22 83 8
22 84 8
22 85 8
22 86 8
22 87 8
22 88 8
22 89 8
22 90 8
22 91 8
22 92 8
22 93 8
22 94 8
22 95 8
22 96 8
22 97 8
22 98 8
22 99 8
23 0 7
23 1 7
23 2 7
23 3 7
23 4 7
23 5 7
23 6 7
23 7 7
23 8 7
23 9 7
23 10 7
23 11 7
23 12 7
23 13 7
23 14 7
23 15 7
23 16 7
23 17 7
23 18 7
23 19 7
23 20 7
23 21 7
23 22 7
23 23 3
23 24 3
23 25 3
23 26 3
23 27 3
23 28 3
23 29 3
23 30 3
23 31 3
23 32 3
23 33 3
23 34 3
23 35 3
23 36 3
23 37 3
23 38 3
23 39 3
23 40 3
23 41 3
23 42 3
23 43 3
23 44 3
23 45 3
23 46 3
23 47 3
23 48 3
23 49 3
23 50 3
23 51 3
23 52 3
23 53 3
23 54 3
23 55 3
23 56 8
23 57 8
23 58 8
23 59 8
23 60 8
23 61 8
23 62 8
23 63 8
23 64 8
23 65 8
23 66 8
23 67 8
23 68 8
23 69 8
23 70 8
23 71 8
23 72 8
23 73 8
23 74 8
23 75 8
23 76 8
23 77 8
23 78 8
23 79 8
23 80 8
23 81 8
23 82 8
23 83 8
23 84 8
23 85 8
23 86 8
23 87 8
23 88 8
23 89 8
23 90 8
23 91 8
23 92 8
23 93 8
23 94 8
23 95 8
23 96 8
23 97 8
23 98 8
23 99 8
24 0 7
24 1 7
24 2 7
24 3 7
24 4 7
24 5 7
24 6 7
24 7 7
24 8 7
24 9 7
24 10 7
24 11 7
24 12 7
24 13 7
24 14 7
24 15 7
24 16 7
24 17 7
24 18 7
24 19 7
24 20 7
24 21 7
24 22 7
24 23 7
24 24 3
24 25 3
24 26 3
24 27 3
24 28 3
24 29 3
24 30 3
24 31 3
24 32 3
24 33 3
24 34 3
24 35 3
24 36 3
24 37 3
24 38 3
24 39 3
24 40 3
24 41 3
24 42 3
24 43 3
24 44 3
24 45 3
24 46 3
24 47 3
24 48 3
24 49 3
24 50 3
24 51 3
24 52 3
24 53 3
24 54 3
24 55 3
24 56 3
24 57 3
24 58 8
24 59 8
24 60 8
24 61 8
24 62 8
24 63 8
24 64 8
24 65 8
24 66 8
24 67 8
24 68 8
24 69 8
24 70 8
24 71 8
24 72 8
24 73 8
24 74 8
24 75 8
24 76 8
24 77 8
24 78 8
24 79 8
24 80 8
24 81 8
24 82 8
24 83 8
24 84 8
24 85 8
24 86 8
24 87 8
24 88 8
24 89 8
24 90 8
24 91 8
24 92 8
24 93 8
24 94 8
24 95 8
24 96 8
24 97 8
24 98 8
24 99 8
25 0 7
25 1 7
25 2 7
25 3 7
25 4 7
25 5 7
25 6 7
25 7 7
25 8 7
25 9 7
25 10 7
25 11 7
25 12 7
25 13 7
25 14 7
25 15 7
25 16 7
25 17 7
25 18 7
25 19 7
25 20 7
25 21 7
25 22 7
25 23 7
25 24 7
25 25 3
25 26 7
25 27 7
25 28 3
25 29 3
25 30 3
25 31 3
25 32 3
25 33 3
25 34 3
25 35 3
25 36 3
25 37 3
25 38 3
25 39 3
25 40 3
25 41 3
25 42 3
25 43 3
25 44 3
25 45 3
25 46 3
25 47 3
25 48 3
25 49 3
25 50 3
25 51 3
25 52 3
25 53 3
25 54 3
25 55 3
25 56 3
25 57 3
25 58 3
25 59 8
25 60 8
25 61 8
25 62 8
25 63 8
25 64 8
25 65 8
25 66 8
25 67 8
25 68 8
25 69 8
25 70 8
25 71 8
25 72 8
25 73 8
25 74 8
25 75 8
25 76 8
25 77 8
25 78 8
25 79 8
25 80 8
25 81 8
25 82 8
25 83 8
25 84 8
25 85 8
25 86 8
25 87 8
25 88 8
25 89 8
25 90 8
25 91 8
25 92 8
25 93 8
25 94 8
25 95 8
25 96 8
25 97 8
25 98 8
25 99 8
26 0 7
26 1 7
26 2 7
26 3 7
26 4 7
26 5 7
26 6 7
26 7 7
26 8 7
26 9 7
26 10 7
26 11 7
26 12 7
26 13 7
26 14 7
26 15 7
26 16 7
26 17 7
26 18 7
26 19 7
26 20 7
26 21 7
26 22 7
26 23 7
26 24 7
26 25 7
26 26 7
26 27 7
26 28 3
26 29 3
26 30 3
26 31 3
26 32 3
26 33 3
26 34 3
26 35 3
26 36 3
26 37 3
26 38 3
26 39 3
26 40 3
26 41 3
26 42 3
26 43 3
26 44 3
26 45 3
26 46 3
26 47 3
26 48 3
26 49 3
26 50 3
26 51 3
26 52 3
26 53 3
26 54 3
26 55 3
26 56 3
26 57 3
26 58 3
26 59 8
26 60 8
26 61 8
26 62 8
26 63 8
26 64 8
26 65 8
26 66 8
26 67 8
26 68 8
26 69 8
26 70 8
26 71 8
26 72 8
26 73 8
26 74 8
26 75 8
26 76 8
26 77 8
26 78 8
26 79 8
26 80 8
26 81 8
26 82 8
26 83 8
26 84 8
26 85 8
26 86 8
26 87 8
26 88 8
26 89 8
26 90 8
26 91 8
26 92 8
26 93 8
26 94 8
26 95 8
26 96 8
26 97 8
26 98 8
26 99 8
27 0 7
27 1 7
27 2 7
27 3 7
27 4 7
27 5 7
27 6 7
27 7 7
27 8 7
27 9 7
27 10 7
27 11 7
27 12 7
27 13 7
27 14 7
27 15 7
27 16 7
27 17 7
27 18 7
27 19 7
27 20 7
27 21 7
27 22 7
27 23 7
27 24 7
27 25 7
27 26 7
27 27 7
27 28 3
27 29 3
27 30 3
27 31 3
27 32 3
27 33 3
27 34 3
27 35 3
27 36 3
27 37 3
27 38 3
27 39 3
27 40 3
27 41 3
27 42 3
27 43 3
27 44 3
27 45 3
27 46 3
27 47 3
27 48 3
27 49 3
27 50 3
27 51 3
27 52 3
27 53 3
27 54 3
27 55 3
27 56 3
27 57 3
27 58 3
27 59 8
27 60 8
27 61 8
27 62 8
27 63 8
27 64 8
27 65 8
27 66 8
27 67 8
27 68 8
27 69 8
27 70 8
27 71 8
27 72 8
27 73 8
27 74 8
27 75 8
27 76 8
27 77 8
27 78 8
27 79 8
27 80 8
27 81 8
27 82 8
27 83 8
27 84 8
27 85 8
27 86 8
27 87 8
27 88 8
27 89 8
27 90 8
27 91 8
27 92 8
27 93 8
27 94 8
27 95 8
27 96 8
27 97 8
27 98 8
27 99 8
28 0 7
28 1 7
28 2 7
28 3 7
28 4 7
28 5 7
28 6 7
28 7 7
28 8 7
28 9 7
28 10 7
28 11 7
28 12 7
28 13 7
28 14 7
28 15 7
28 16 7
28 17 7
28 18 7
28 19 7
28 20 7
28 21 7
28 22 7
28 23 7
28 24 7
28 25 7
28 26 7
28 27 7
28 28 7
28 29 3
28 30 3
28 31 3
28 32 3
28 33 3
28 34 3
28 35 3
28 36 3
28 37 3
28 38 3
28 39 3
28 40 3
28 41 3
28 42 3
28 43 3
28 44 3
28 45 3
28 46 3
28 47 3
28 48 3
28 49 3
28 50 3
28 51 3
28 52 3
28 53 3
28 54 3
28 55 3
28 56 3
28 57 3
28 58 3
28 59 3
28 60 3
28 61 8
28 62 8
28 63 8
28 64 8
28 65 8
28 66 8
28 67 8
28 68 8
28 69 8
28 70 8
28 71 8
28 72 8
28 73 8
28 74 8
28 75 8
28 76 8
28 77 8
28 78 8
28 79 8
28 80 8
28 81 8
28 82 8
28 83 8
28 84 8
28 85 8
28 86 8
28 87 8
28 88 8
28 89 8
28 90 8
28 91 8
28 92 8
28 93 8
28 94 8
28 95 8
28 96 8
28 97 8
28 98 8
28 99 8
29 0 7
29 1 7
29 2 7
29 3 7
29 4 7
29 5 7
29 6 7
29 7 7
29 8 7
29 9 7
29 10 7
29 11 7
29 12 7
29 13 7
29 14 7
29 15 7
29 16 7
29 17 7
29 18 7
29 19 7
29 20 7
29 21 7
29 22 7
29 23 7
29 24 7
29 25 7
29 26 7
29 27 7
29 28 7
29 29 3
29 30 4
29 31 3
29 32 3
29 33 3
29 34 3
29 35 3
29 36 3
29 37 3
29 38 3
29 39 3
29 40 3
29 41 3
29 42 3
29 43 3
29 44 3
29 45 3
29 46 3
29 47 3
29 48 3
29 49 3
29 50 3
29 51 3
29 52 3
29 53 3
29 54 3
29 55 3
29 56 3
29 57 3
29 58 3
29 59 3
29 60 3
29 61 3
29 62 3
29 63 8
29 64 8
29 65 8
29 66 8
29 67 8
29 68 8
29 69 8
29 70 8
29 71 8
29 72 8
29 73 8
29 74 8
29 75 8
29 76 8
29 77 8
29 78 8
29 79 8
29 80 8
29 81 8
29 82 8
29 83 8
29 84 8
29 85 8
29 86 8
29 87 8
29 88 8
29 89 8
29 90 8
29 91 8
29 92 8
29 93 8
29 94 8
29 95 8
29 96 8
29 97 8
29 98 8
29 99 8
30 0 7
30 1 7
30 2 7
30 3 7
30 4 7
30 5 7
30 6 7
30 7 7
30 8 7
30 9 7
30 10 7
30 11 7
30 12 7
30 13 7
30 14 7
30 15 7
30 16 7
30 17 7
30 18 7
30 19 7
30 20 7
30 21 7
30 22 7
30 23 7
30 24 7
30 25 7
30 26 7
30 27 7
30 28 7
30 29 7
30 30 7
30 31 4
30 32 3
30 33 3
30 34 3
30 35 3
30 36 3
30 37 3
30 38 3
30 39 3
30 40 3
30 41 3
30 42 3
30 43 3
30 44 3
30 45 3
30 46 3
30 47 3
30 48 3
30 49 3
30 50 3
30 51 3
30 52 3
30 53 3
30 54 3
30 55 3
30 56 3
30 57 3
30 58 3
30 59 3
30 60 3
30 61 3
30 62 3
30 63 3
30 64 8
30 65 8
30 66 8
30 67 8
30 68 8
30 69 8
30 70 8
30 71 8
30 72 8
30 73 8
30 74 8
30 75 8
30 76 8
30 77 8
30 78 8
30 79 8
30 80 8
30 81 8
30 82 8
30 83 8
30 84 8
30 85 8
30 86 8
30 87 8
30 88 8
30 89 8
30 90 8
30 91 8
30 92 8
30 93 8
30 94 8
30 95 8
30 96 8
30 97 8
30 98 8
30 99 8
31 0 7
31 1 7
31 2 7
31 3 7
31 4 7
31 5 7
31 6 7
31 7 7
31 8 7
31 9 7
31 10 7
31 11 7
31 12 7
31 13 7
31 14 7
31 15 7
31 16 7
31 17 7
31 18 7
31 19 7
31 20 7
31 21 7
31 22 7
31 23 7
31 24 7
31 25 7
31 26 7
31 27 7
31 28 7
31 29 7
31 30 7
31 31 4
31 32 4
31 33 3
31 34 3
31 35 3
31 36 3
31 37 3
31 38 3
31 39 3
31 40 3
31 41 3
31 42 3
31 43 3
31 44 3
31 45 3
31 46 3
31 47 3
31 48 3
31 49 3
31 50 3
31 51 3
31 52 3
31 53 3
31 54 3
31 55 3
31 56 3
31 57 3
31 58 3
31 59 3
31 60 3
31 61 3
31 62 3
31 63 3
31 64 8
31 65 8
31 66 8
31 67 8
31 68 8
31 69 8
31 70 8
31 71 8
31 72 8
31 73 8
31 74 8
31 75 8
31 76 8
31 77 8
31 78 8
31 79 8
31 80 8
31 81 8
31 82 8
31 83 8
31 84 8
31 85 8
31 86 8
31 87 8
31 88 8
31 89 8
31 90 8
31 91 8
31 92 8
31 93 8
31 94 8
31 95 8
31 96 8
31 97 8
31 98 8
31 99 8
32 0 7
32 1 7
32 2 7
32 3 7
32 4 7
32 5 7
32 6 7
32 7 7
32 8 7
32 9 7
32 10 7
32 11 7
32 12 7
32 13 7
32 14 7
32 15 7
32 16 7
32 17 7
32 18 7
32 19 7
32 20 7
32 21 7
32 22 7
32 23 7
32 24 7
32 25 7
32 26 7
32 27 7
32 28 7
32 29 7
32 30 7
32 31 4
32 32 4
32 33 3
32 34 3
32 35 3
32 36 3
32 37 3
32 38 3
32 39 3
32 40 3
32 41 3
32 42 3
32 43 3
32 44 3
32 45 3
32 46 3
32 47 3
32 48 3
32 49 3
32 50 3
32 51 3
32 52 3
32 53 3
32 54 3
32 55 3
32 56 3
32 57 3
32 58 3
32 59 3
32 60 3
32 61 3
32 62 3
32 63 3
32 64 3
32 65 8
32 66 8
32 67 8
32 68 8
32 69 8
32 70 8
32 71 8
32 72 8
32 73 8
32 74 8
32 75 8
32 76 8
32 77 8
32 78 8
32 79 8
32 80 8
32 81 8
32 82 8
32 83 8
32 84 8
32 85 8
32 86 8
32 87 8
32 88 8
32 89 8
32 90 8
32 91 8
32 92 8
32 93 8
32 94 8
32 95 8
32 96 8
32 97 8
32 98 8
32 99 8
33 0 7
33 1 7
33 2 7
33 3 7
33 4 7
33 5 7
33 6 7
33 7 7
33 8 7
33 9 7
33 10 7
33 11 7
33 12 7
33 13 7
33 14 7
33 15 7
33 16 7
33 17 7
33 18 7
33 19 7
33 20 7
33 21 7
33 22 7
33 23 7
33 24 7
33 25 7
33 26 7
33 27 7
33 28 7
33 29 7
33 30 7
33 31 7
33 32 4
33 33 4
33 34 4
33 35 3
33 36 3
33 37 3
33 38 3
33 39 3
33 40 3
33 41 3
33 42 3
33 43 3
33 44 3
33 45 3
33 46 3
33 47 3
33 48 3
33 49 3
33 50 3
33 51 3
33 52 3
33 53 3
33 54 3
33 55 3
33 56 3
33 57 3
33 58 3
33 59 3
33 60 3
33 61 3
33 62 3
33 63 3
33 64 3
33 65 8
33 66 8
33 67 8
33 68 8
33 69 8
33 70 8
33 71 8
33 72 8
33 73 8
33 74 8
33 75 8
33 76 8
33 77 8
33 78 8
33 79 8
33 80 8
33 81 8
33 82 8
33 83 8
33 84 8
33 85 8
33 86 8
33 87 8
33 88 8
33 89 8
33 90 8
33 91 8
33 92 8
33 93 8
33 94 8
33 95 8
33 96 8
33 97 8
33 98 8
33 99 8
34 0 7
34 1 7
34 2 7
34 3 7
34 4 7
34 5 7
34 6 7
34 7 7
34 8 7
34 9 7
34 10 7
34 11 7
34 12 7
34 13 7
34 14 7
34 15 7
34 16 7
34 17 7
34 18 7
34 19 7
34 20 7
34 21 7
34 22 7
34 23 7
34 24 7
34 25 7
34 26 7
34 27 7
34 28 7
34 29 7
34 30 7
34 31 7
34 32 4
34 33 4
34 34 4
34 35 3
34 36 3
34 37 3
34 38 3
34 39 3
34 40 3
34 41 3
34 42 3
34 43 3
34 44 3
34 45 3
34 46 3
34 47 3
34 48 3
34 49 3
34 50 3
34 51 3
34 52 3
34 53 3
34 54 3
34 55 3
34 56 3
34 57 3
34 58 3
34 59 3
34 60 3
34 61 3
34 62 3
34 63 3
34 64 3
34 65 8
34 66 8
34 67 8
34 68 8
34 69 8
34 70 8
34 71 8
34 72 8
34 73 8
34 74 8
34 75 8
34 76 8
34 77 8
34 78 8
34 79 8
34 80 8
34 81 8
34 82 8
34 83 8
34 84 8
34 85 8
34 86 8
34 87 8
34 88 8
34 89 8
34 90 8
34 91 8
34 92 8
34 93 8
34 94 8
34 95 8
34 96 8
34 97 8
34 98 8
34 99 8
35 0 7
35 1 7
35 2 7
35 3 7
35 4 7
35 5 7
35 6 7
35 7 7
35 8 7
35 9 7
35 10 7
35 11 7
35 12 7
35 13 7
35 14 7
35 15 7
35 16 7
35 17 7
35 18 7
35 19 7
35 20 7
35 21 7
35 22 7
35 23 7
35 24 7
35 25 7
35 26 7
35 27 7
35 28 7
35 29 7
35 30 7
35 31 7
35 32 4
35 33 4
35 34 4
35 35 4
35 36 3
35 37 3
35 38 4
35 39 4
35 40 3
35 41 3
35 42 3
35 43 3
35 44 3
35 45 3
35 46 3
35 47 3
35 48 3
35 49 3
35 50 3
35 51 3
35 52 3
35 53 3
35 54 3
35 55 3
35 56 3
35 57 3
35 58 3
35 59 3
35 60 3
35 61 3
35 62 3
35 63 3
35 64 3
35 65 3
35 66 3
35 67 8
35 68 8
35 69 8
35 70 8
35 71 8
35 72 8
35 73 8
35 74 8
35 75 8
35 76 8
35 77 8
35 78 8
35 79 8
35 80 8
35 81 8
35 82 8
35 83 8
35 84 8
35 85 8
35 86 8
35 87 8
35 88 8
35 89 8
35 90 8
35 91 8
35 92 8
35 93 8
35 94 8
35 95 8
35 96 8
35 97 8
35 98 8
35 99 8
36 0 7
36 1 7
36 2 7
36 3 7
36 4 7
36 5 7
36 6 7
36 7 7
36 8 7
36 9 7
36 10 7
36 11 7
36 12 7
36 13 7
36 14 7
36 15 7
36 16 7
36 17 7
36 18 7
36 19 7
36 20 7
36 21 7
36 22 7
36 23 7
36 24 7
36 25 7
36 26 7
36 27 7
36 28 7
36 29 7
36 30 7
36 31 7
36 32 7
36 33 4
36 34 4
36 35 4
36 36 4
36 37 4
36 38 4
36 39 4
36 40 4
36 41 3
36 42 3
36 43 3
36 44 3
36 45 3
36 46 3
36 47 3
36 48 3
36 49 3
36 50 3
36 51 3
36 52 3
36 53 3
36 54 3
36 55 3
36 56 3
36 57 3
36 58 3
36 59 3
36 60 3
36 61 3
36 62 3
36 63 3
36 64 3
36 65 3
36 66 3
36 67 8
36 68 8
36 69 8
36 70 8
36 71 8
36 72 8
36 73 8
36 74 8
36 75 8
36 76 8
36 77 8
36 78 8
36 79 8
36 80 8
36 81 8
36 82 8
36 83 8
36 84 8
36 85 8
36 86 8
36 87 8
36 88 8
36 89 8
36 90 8
36 91 8
36 92 8
36 93 8
36 94 8
36 95 8
36 96 8
36 97 8
36 98 8
36 99 8
37 0 7
37 1 7
37 2 7
37 3 7
37 4 7
37 5 7
37 6 7
37 7 7
37 8 7
37 9 7
37 10 7
37 11 7
37 12 7
37 13 7
37 14 7
37 15 7
37 16 7
37 17 7
37 18 7
37 19 7
37 20 7
37 21 7
37 22 7
37 23 7
37 24 7
37 25 7
37 26 7
37 27 7
37 28 7
37 29 7
37 30 7
37 31 7
37 32 7
37 33 7
37 34 4
37 35 4
37 36 4
37 37 4
37 38 4
37 39 4
37 40 4
37 41 3
37 42 3
37 43 3
37 44 3
37 45 3
37 46 3
37 47 3
37 48 3
37 49 3
37 50 3
37 51 3
37 52 3
37 53 3
37 54 3
37 55 3
37 56 3
37 57 3
37 58 3
37 59 3
37 60 3
37 61 3
37 62 3
37 63 3
37 64 3
37 65 3
37 66 3
37 67 8
37 68 8
37 69 8
37 70 8
37 71 8
37 72 8
37 73 8
37 74 8
37 75 8
37 76 8
37 77 8
37 78 8
37 79 8
37 80 8
37 81 8
37 82 8
37 83 8
37 84 8
37 85 8
37 86 8
37 87 8
37 88 8
37 89 8
37 90 8
37 91 8
37 92 8
37 93 8
37 94 8
37 95 8
37 96 8
37 97 8
37 98 8
37 99 8
38 0 7
38 1 7
38 2 7
38 3 7
38 4 7
38 5 7
38 6 7
38 7 7
38 8 7
38 9 7
38 10 7
38 11 7
38 12 7
38 13 7
38 14 7
38 15 7
38 16 7
38 17 7
38 18 7
38 19 7
38 20 7
38 21 7
38 22 7
38 23 7
38 24 7
38 25 7
38 26 7
38 27 7
38 28 7
38 29 7
38 30 7
38 31 7
38 32 7
38 33 7
38 34 4
38 35 4
38 36 4
38 37 4
38 38 4
38 39 4
38 40 4
38 41 4
38 42 4
38 43 4
38 44 3
38 45 3
38 46 3
38 47 3
38 48 3
38 49 3
38 50 3
38 51 3
38 52 3
38 53 3
38 54 3
38 55 3
38 56 3
38 57 3
38 58 3
38 59 3
38 60 3
38 61 3
38 62 3
38 63 3
38 64 10
38 65 10
38 66 10
38 67 10
38 68 8
38 69 10
38 70 8
38 71 8
38 72 8
38 73 8
38 74 8
38 75 8
38 76 8
38 77 8
38 78 8
38 79 8
38 80 8
38 81 8
38 82 8
38 83 8
38 84 8
38 85 8
38 86 8
38 87 8
38 88 8
38 89 8
38 90 8
38 91 8
38 92 8
38 93 8
38 94 8
38 95 8
38 96 8
38 97 8
38 98 8
38 99 8
39 0 7
39 1 7
39 2 7
39 3 7
39 4 7
39 5 7
39 6 7
39 7 7
39 8 7
39 9 7
39 10 7
39 11 7
39 12 7
39 13 7
39 14 7
39 15 7
39 16 7
39 17 7
39 18 7
39 19 7
39 20 7
39 21 7
39 22 7
39 23 7
39 24 7
39 25 7
39 26 7
39 27 7
39 28 7
39 29 7
39 30 7
39 31 7
39 32 7
39 33 7
39 34 7
39 35 4
39 36 4
39 37 4
39 38 4
39 39 4
39 40 4
39 41 4
39 42 4
39 43 4
39 44 4
39 45 4
39 46 3
39 47 3
39 48 3
39 49 3
39 50 3
39 51 3
39 52 4
39 53 3
39 54 3
39 55 3
39 56 3
39 57 3
39 58 3
39 59 3
39 60 3
39 61 3
39 62 3
39 63 3
39 64 10
39 65 10
39 66 10
39 67 10
39 68 10
39 69 10
39 70 10
39 71 10
39 72 8
39 73 8
39 74 10
39 75 10
39 76 8
39 77 8
39 78 8
39 79 8
39 80 8
39 81 8
39 82 8
39 83 8
39 84 8
39 85 8
39 86 8
39 87 8
39 88 8
39 89 8
39 90 8
39 91 8
39 92 8
39 93 8
39 94 8
39 95 8
39 96 8
39 97 8
39 98 8
39 99 8
40 0 6
40 1 7
40 2 7
40 3 7
40 4 7
40 5 7
40 6 7
40 7 7
40 8 7
40 9 7
40 10 7
40 11 7
40 12 7
40 13 7
40 14 7
40 15 7
40 16 7
40 17 7
40 18 7
40 19 7
40 20 7
40 21 7
40 22 7
40 23 7
40 24 7
40 25 7
40 26 7
40 27 7
40 28 7
40 29 7
40 30 7
40 31 7
40 32 7
40 33 7
40 34 7
40 35 4
40 36 4
40 37 4
40 38 4
40 39 4
40 40 4
40 41 4
40 42 4
40 43 4
40 44 4
40 45 3
40 46 3
40 47 3
40 48 4
40 49 4
40 50 4
40 51 4
40 52 4
40 53 3
40 54 3
40 55 3
40 56 3
40 57 3
40 58 10
40 59 10
40 60 10
40 61 3
40 62 3
40 63 10
40 64 10
40 65 10
40 66 10
40 67 10
40 68 10
40 69 10
40 70 10
40 71 10
40 72 10
40 73 10
40 74 10
40 75 10
40 76 8
40 77 10
40 78 8
40 79 8
40 80 8
40 81 8
40 82 8
40 83 8
40 84 8
40 85 8
40 86 8
40 87 8
40 88 8
40 89 8
40 90 8
40 91 8
40 92 8
40 93 8
40 94 8
40 95 8
40 96 8
40 97 8
40 98 8
40 99 8
41 0 6
41 1 6
41 2 7
41 3 7
41 4 7
41 5 7
41 6 7
41 7 7
41 8 7
41 9 7
41 10 7
41 11 7
41 12 7
41 13 7
41 14 7
41 15 7
41 16 7
41 17 7
41 18 7
41 19 7
41 20 7
41 21 7
41 22 7
41 23 7
41 24 7
41 25 7
41 26 7
41 27 7
41 28 7
41 29 7
41 30 7
41 31 7
41 32 7
41 33 7
41 34 7
41 35 7
41 36 4
41 37 4
41 38 4
41 39 4
41 40 4
41 41 4
41 42 4
41 43 4
41 44 4
41 45 4
41 46 4
41 47 4
41 48 4
41 49 4
41 50 4
41 51 4
41 52 4
41 53 4
41 54 3
41 55 3
41 56 3
41 57 10
41 58 10
41 59 10
41 60 10
41 61 10
41 62 10
41 63 10
41 64 10
41 65 10
41 66 10
41 67 10
41 68 10
41 69 10
41 70 10
41 71 10
41 72 10
41 73 10
41 74 10
41 75 10
41 76 10
41 77 10
41 78 10
41 79 10
41 80 10
41 81 10
41 82 8
41 83 8
41 84 8
41 85 8
41 86 8
41 87 8
41 88 8
41 89 8
41 90 8
41 91 8
41 92 8
41 93 8
41 94 8
41 95 8
41 96 8
41 97 8
41 98 8
41 99 8
42 0 6
42 1 6
42 2 6
42 3 7
42 4 7
42 5 7
42 6 7
42 7 7
42 8 7
42 9 7
42 10 7
42 11 7
42 12 7
42 13 7
42 14 7
42 15 7
42 16 7
42 17 7
42 18 7
42 19 7
42 20 7
42 21 7
42 22 7
42 23 7
42 24 7
42 25 7
42 26 7
42 27 7
42 28 7
42 29 7
42 30 7
42 31 7
42 32 7
42 33 7
42 34 7
42 35 7
42 36 7
42 37 4
42 38 4
42 39 4
42 40 4
42 41 4
42 42 4
42 43 4
42 44 4
42 45 4
42 46 4
42 47 4
42 48 4
42 49 4
42 50 4
42 51 4
42 52 4
42 53 4
42 54 4
42 55 3
42 56 10
42 57 10
42 58 10
42 59 10
42 60 10
42 61 10
42 62 10
42 63 10
42 64 10
42 65 10
42 66 10
42 67 10
42 68 10
42 69 10
42 70 10
42 71 10
42 72 10
42 73 10
42 74 10
42 75 10
42 76 10
42 77 10
42 78 10
42 79 10
42 80 10
42 81 10
42 82 10
42 83 8
42 84 8
42 85 8
42 86 8
42 87 8
42 88 8
42 89 8
42 90 8
42 91 8
42 92 8
42 93 8
42 94 8
42 95 8
42 96 8
42 97 8
42 98 8
42 99 8
43 0 6
43 1 6
43 2 6
43 3 7
43 4 7
43 5 7
43 6 7
43 7 7
43 8 7
43 9 7
43 10 7
43 11 7
43 12 7
43 13 7
43 14 7
43 15 7
43 16 7
43 17 7
43 18 7
43 19 7
43 20 7
43 21 7
43 22 7
43 23 7
43 24 7
43 25 7
43 26 7
43 27 7
43 28 7
43 29 7
43 30 7
43 31 7
43 32 7
43 33 7
43 34 7
43 35 7
43 36 7
43 37 4
43 38 4
43 39 4
43 40 4
43 41 4
43 42 4
43 43 4
43 44 4
43 45 4
43 46 4
43 47 4
43 48 4
43 49 4
43 50 4
43 51 4
43 52 4
43 53 4
43 54 10
43 55 10
43 56 10
43 57 10
43 58 10
43 59 10
43 60 10
43 61 10
43 62 10
43 63 10
43 64 10
43 65 10
43 66 10
43 67 10
43 68 10
43 69 10
43 70 10
43 71 10
43 72 10
43 73 10
43 74 10
43 75 10
43 76 10
43 77 10
43 78 10
43 79 10
43 80 10
43 81 10
43 82 10
43 83 8
43 84 8
43 85 8
43 86 8
43 87 8
43 88 8
43 89 8
43 90 8
43 91 8
43 92 8
43 93 8
43 94 8
43 95 8
43 96 8
43 97 8
43 98 8
43 99 8
44 0 6
44 1 6
44 2 6
44 3 6
44 4 7
44 5 7
44 6 7
44 7 7
44 8 7
44 9 7
44 10 7
44 11 7
44 12 7
44 13 7
44 14 7
44 15 7
44 16 7
44 17 7
44 18 7
44 19 7
44 20 7
44 21 7
44 22 7
44 23 7
44 24 7
44 25 7
44 26 7
44 27 7
44 28 7
44 29 7
44 30 7
44 31 7
44 32 7
44 33 7
44 34 7
44 35 7
44 36 7
44 37 4
44 38 4
44 39 4
44 40 4
44 41 4
44 42 4
44 43 4
44 44 4
44 45 4
44 46 4
44 47 4
44 48 4
44 49 4
44 50 4
44 51 4
44 52 4
44 53 4
44 54 10
44 55 10
44 56 10
44 57 10
44 58 10
44 59 10
44 60 10
44 61 10
44 62 10
44 63 10
44 64 10
44 65 10
44 66 10
44 67 10
44 68 10
44 69 10
44 70 10
44 71 10
44 72 10
44 73 10
44 74 10
44 75 10
44 76 10
44 77 10
44 78 10
44 79 10
44 80 10
44 81 10
44 82 10
44 83 8
44 84 8
44 85 8
44 86 8
44 87 8
44 88 8
44 89 8
44 90 8
44 91 8
44 92 8
44 93 8
44 94 8
44 95 8
44 96 8
44 97 8
44 98 8
44 99 8
45 0 6
45 1 6
45 2 6
45 3 6
45 4 6
45 5 7
45 6 7
45 7 7
45 8 7
45 9 7
45 10 7
45 11 7
45 12 7
45 13 7
45 14 7
45 15 7
45 16 7
45 17 7
45 18 7
45 19 7
45 20 7
45 21 7
45 22 7
45 23 7
45 24 7
45 25 7
45 26 7
45 27 7
45 28 7
45 29 7
45 30 7
45 31 7
45 32 7
45 33 7
45 34 7
45 35 7
45 36 4
45 37 4
45 38 4
45 39 4
45 40 4
45 41 4
45 42 4
45 43 4
45 44 4
45 45 4
45 46 4
45 47 4
45 48 4
45 49 4
45 50 4
45 51 4
45 52 4
45 53 10
45 54 10
45 55 10
45 56 10
45 57 10
45 58 10
45 59 10
45 60 10
45 61 10
45 62 10
45 63 10
45 64 10
45 65 10
45 66 10
45 67 10
45 68 10
45 69 10
45 70 10
45 71 10
45 72 10
45 73 10
45 74 10
45 75 10
45 76 10
45 77 10
45 78 10
45 79 10
45 80 10
45 81 10
45 82 10
45 83 10
45 84 10
45 85 10
45 86 8
45 87 8
45 88 8
45 89 8
45 90 8
45 91 8
45 92 8
45 93 8
45 94 8
45 95 8
45 96 8
45 97 8
45 98 8
45 99 8
46 0 6
46 1 6
46 2 6
46 3 6
46 4 6
46 5 6
46 6 6
46 7 7
46 8 7
46 9 7
46 10 7
46 11 7
46 12 7
46 13 7
46 14 7
46 15 7
46 16 7
46 17 7
46 18 7
46 19 7
46 20 7
46 21 7
46 22 7
46 23 7
46 24 7
46 25 7
46 26 7
46 27 7
46 28 7
46 29 7
46 30 7
46 31 7
46 32 7
46 33 7
46 34 7
46 35 7
46 36 7
46 37 4
46 38 4
46 39 4
46 40 4
46 41 4
46 42 4
46 43 4
46 44 4
46 45 4
46 46 4
46 47 4
46 48 4
46 49 4
46 50 4
46 51 4
46 52 10
46 53 10
46 54 10
46 55 10
46 56 10
46 57 10
46 58 10
46 59 10
46 60 10
46 61 10
46 62 10
46 63 10
46 64 10
46 65 10
46 66 10
46 67 10
46 68 10
46 69 10
46 70 10
46 71 10
46 72 10
46 73 10
46 74 10
46 75 10
46 76 10
46 77 10
46 78 10
46 79 10
46 80 10
46 81 10
46 82 10
46 83 10
46 84 10
46 85 10
46 86 8
46 87 8
46 88 8
46 89 8
46 90 8
46 91 8
46 92 8
46 93 8
46 94 8
46 95 8
46 96 8
46 97 8
46 98 8
46 99 8
47 0 6
47 1 6
47 2 6
47 3 6
47 4 6
47 5 6
47 6 6
47 7 6
47 8 6
47 9 7
47 10 7
47 11 7
47 12 7
47 13 7
47 14 7
47 15 7
47 16 7
47 17 7
47 18 7
47 19 7
47 20 7
47 21 7
47 22 7
47 23 7
47 24 7
47 25 7
47 26 7
47 27 7
47 28 7
47 29 7
47 30 7
47 31 7
47 32 7
47 33 7
47 34 7
47 35 7
47 36 7
47 37 7
47 38 4
47 39 4
47 40 4
47 41 4
47 42 4
47 43 4
47 44 4
47 45 4
47 46 4
47 47 4
47 48 4
47 49 4
47 50 4
47 51 10
47 52 10
47 53 10
47 54 10
47 55 10
47 56 10
47 57 10
47 58 10
47 59 10
47 60 10
47 61 10
47 62 10
47 63 10
47 64 10
47 65 10
47 66 10
47 67 10
47 68 10
47 69 10
47 70 10
47 71 10
47 72 10
47 73 10
47 74 10
47 75 10
47 76 10
47 77 10
47 78 10
47 79 10
47 80 10
47 81 10
47 82 10
47 83 10
47 84 10
47 85 10
47 86 10
47 87 10
47 88 8
47 89 8
47 90 8
47 91 8
47 92 8
47 93 8
47 94 8
47 95 8
47 96 8
47 97 8
47 98 8
47 99 8
48 0 6
48 1 6
48 2 6
48 3 6
48 4 6
48 5 6
48 6 6
48 7 6
48 8 6
48 9 6
48 10 7
48 11 7
48 12 7
48 13 7
48 14 7
48 15 7
48 16 7
48 17 7
48 18 7
48 19 7
48 20 7
48 21 7
48 22 7
48 23 7
48 24 7
48 25 7
48 26 7
48 27 7
48 28 7
48 29 7
48 30 7
48 31 7
48 32 7
48 33 7
48 34 7
48 35 7
48 36 7
48 37 7
48 38 7
48 39 4
48 40 4
48 41 4
48 42 4
48 43 4
48 44 4
48 45 4
48 46 4
48 47 4
48 48 4
48 49 4
48 50 4
48 51 4
48 52 10
48 53 10
48 54 10
48 55 10
48 56 10
48 57 10
48 58 10
48 59 10
48 60 10
48 61 10
48 62 10
48 63 10
48 64 10
48 65 10
48 66 10
48 67 10
48 68 10
48 69 10
48 70 10
48 71 10
48 72 10
48 73 10
48 74 10
48 75 10
48 76 10
48 77 10
48 78 10
48 79 10
48 80 10
48 81 10
48 82 10
48 83 10
48 84 10
48 85 10
48 86 10
48 87 10
48 88 10
48 89 8
48 90 8
48 91 8
48 92 8
48 93 8
48 94 8
48 95 8
48 96 8
48 97 8
48 98 8
48 99 8
49 0 6
49 1 6
49 2 6
49 3 6
49 4 6
49 5 6
49 6 6
49 7 6
49 8 6
49 9 6
49 10 7
49 11 7
49 12 7
49 13 7
49 14 7
49 15 7
49 16 7
49 17 7
49 18 7
49 19 7
49 20 7
49 21 7
49 22 7
49 23 7
49 24 7
49 25 7
49 26 7
49 27 7
49 28 7
49 29 7
49 30 7
49 31 7
49 32 7
49 33 7
49 34 7
49 35 7
49 36 7
49 37 7
49 38 7
49 39 4
49 40 4
49 41 4
49 42 4
49 43 4
49 44 4
49 45 4
49 46 4
49 47 4
49 48 4
49 49 4
49 50 4
49 51 10
49 52 10
49 53 10
49 54 10
49 55 10
49 56 10
49 57 10
49 58 10
49 59 10
49 60 10
49 61 10
49 62 10
49 63 10
49 64 10
49 65 10
49 66 10
49 67 10
49 68 10
49 69 10
49 70 10
49 71 10
49 72 10
49 73 10
49 74 10
49 75 10
49 76 10
49 77 10
49 78 10
49 79 10
49 80 10
49 81 10
49 82 10
49 83 10
49 84 10
49 85 10
49 86 10
49 87 10
49 88 10
49 89 10
49 90 10
49 91 10
49 92 8
49 93 8
49 94 8
49 95 8
49 96 8
49 97 8
49 98 8
49 99 8
50 0 6
50 1 6
50 2 6
50 3 6
50 4 6
50 5 6
50 6 6
50 7 6
50 8 6
50 9 6
50 10 6
50 11 7
50 12 7
50 13 7
50 14 7
50 15 7
50 16 7
50 17 7
50 18 7
50 19 7
50 20 7
50 21 7
50 22 7
50 23 7
50 24 7
50 25 7
50 26 7
50 27 7
50 28 7
50 29 7
50 30 7
50 31 7
50 32 7
50 33 7
50 34 7
50 35 7
50 36 7
50 37 7
50 38 7
50 39 7
50 40 4
50 41 4
50 42 4
50 43 4
50 44 4
50 45 4
50 46 4
50 47 4
50 48 4
50 49 10
50 50 4
50 51 10
50 52 10
50 53 10
50 54 10
50 55 10
50 56 10
50 57 10
50 58 10
50 59 10
50 60 10
50 61 10
50 62 10
50 63 10
50 64 10
50 65 10
50 66 10
50 67 10
50 68 10
50 69 10
50 70 10
50 71 10
50 72 10
50 73 10
50 74 10
50 75 10
50 76 10
50 77 10
50 78 10
50 79 10
50 80 10
50 81 10
50 82 10
50 83 10
50 84 10
50 85 10
50 86 10
50 87 10
50 88 10
50 89 10
50 90 10
50 91 10
50 92 10
50 93 10
50 94 8
50 95 8
50 96 8
50 97 8
50 98 8
50 99 8
51 0 6
51 1 6
51 2 6
51 3 6
51 4 6
51 5 6
51 6 6
51 7 6
51 8 6
51 9 6
51 10 6
51 11 6
51 12 7
51 13 7
51 14 7
51 15 7
51 16 7
51 17 7
51 18 7
51 19 7
51 20 7
51 21 7
51 22 7
51 23 7
51 24 7
51 25 7
51 26 7
51 27 7
51 28 7
51 29 7
51 30 7
51 31 7
51 32 7
51 33 7
51 34 7
51 35 7
51 36 7
51 37 7
51 38 7
51 39 7
51 40 4
51 41 4
51 42 4
51 43 4
51 44 4
51 45 4
51 46 4
51 47 4
51 48 4
51 49 10
51 50 10
51 51 10
51 52 10
51 53 10
51 54 10
51 55 10
51 56 10
51 57 10
51 58 10
51 59 10
51 60 10
51 61 10
51 62 10
51 63 10
51 64 10
51 65 10
51 66 10
51 67 10
51 68 10
51 69 10
51 70 10
51 71 10
51 72 10
51 73 10
51 74 10
51 75 10
51 76 10
51 77 10
51 78 10
51 79 10
51 80 10
51 81 10
51 82 10
51 83 10
51 84 10
51 85 10
51 86 10
51 87 10
51 88 10
51 89 10
51 90 10
51 91 10
51 92 10
51 93 10
51 94 10
51 95 10
51 96 10
51 97 10
51 98 8
51 99 8
52 0 6
52 1 6
52 2 6
52 3 6
52 4 6
52 5 6
52 6 6
52 7 6
52 8 6
52 9 6
52 10 6
52 11 6
52 12 7
52 13 7
52 14 7
52 15 7
52 16 7
52 17 7
52 18 7
52 19 7
52 20 7
52 21 7
52 22 7
52 23 7
52 24 7
52 25 7
52 26 7
52 27 7
52 28 7
52 29 7
52 30 7
52 31 7
52 32 7
52 33 7
52 34 7
52 35 7
52 36 7
52 37 7
52 38 7
52 39 7
52 40 4
52 41 4
52 42 4
52 43 4
52 44 4
52 45 4
52 46 4
52 47 4
52 48 10
52 49 10
52 50 10
52 51 10
52 52 10
52 53 10
52 54 10
52 55 10
52 56 10
52 57 10
52 58 10
52 59 10
52 60 10
52 61 10
52 62 10
52 63 10
52 64 10
52 65 10
52 66 10
52 67 10
52 68 10
52 69 10
52 70 10
52 71 10
52 72 10
52 73 10
52 74 10
52 75 10
52 76 10
52 77 10
52 78 10
52 79 10
52 80 10
52 81 10
52 82 10
52 83 10
52 84 10
52 85 10
52 86 10
52 87 10
52 88 10
52 89 10
52 90 10
52 91 10
52 92 10
52 93 10
52 94 10
52 95 10
52 96 10
52 97 10
52 98 10
52 99 8
53 0 6
53 1 6
53 2 6
53 3 6
53 4 6
53 5 6
53 6 6
53 7 6
53 8 6
53 9 6
53 10 6
53 11 6
53 12 6
53 13 6
53 14 7
53 15 7
53 16 7
53 17 7
53 18 7
53 19 7
53 20 7
53 21 7
53 22 7
53 23 7
53 24 7
53 25 7
53 26 7
53 27 7
53 28 7
53 29 7
53 30 7
53 31 7
53 32 7
53 33 7
53 34 7
53 35 7
53 36 7
53 37 7
53 38 7
53 39 7
53 40 4
53 41 4
53 42 4
53 43 4
53 44 4
53 45 4
53 46 4
53 47 4
53 48 4
53 49 10
53 50 10
53 51 10
53 52 10
53 53 10
53 54 10
53 55 10
53 56 10
53 57 10
53 58 10
53 59 10
53 60 10
53 61 10
53 62 10
53 63 10
53 64 10
53 65 10
53 66 10
53 67 10
53 68 10
53 69 10
53 70 10
53 71 10
53 72 10
53 73 10
53 74 10
53 75 10
53 76 10
53 77 10
53 78 10
53 79 10
53 80 10
53 81 10
53 82 10
53 83 10
53 84 10
53 85 10
53 86 10
53 87 10
53 88 10
53 89 10
53 90 10
53 91 10
53 92 10
53 93 10
53 94 10
53 95 10
53 96 10
53 97 10
53 98 10
53 99 10
54 0 6
54 1 6
54 2 6
54 3 6
54 4 6
54 5 6
54 6 6
54 7 6
54 8 6
54 9 6
54 10 6
54 11 6
54 12 6
54 13 6
54 14 6
54 15 7
54 16 7
54 17 7
54 18 7
54 19 7
54 20 7
54 21 7
54 22 7
54 23 7
54 24 7
54 25 7
54 26 7
54 27 7
54 28 7
54 29 7
54 30 7
54 31 7
54 32 7
54 33 7
54 34 7
54 35 7
54 36 7
54 37 7
54 38 7
54 39 7
54 40 4
54 41 4
54 42 4
54 43 4
54 44 4
54 45 4
54 46 4
54 47 4
54 48 10
54 49 10
54 50 10
54 51 10
54 52 10
54 53 10
54 54 10
54 55 10
54 56 10
54 57 10
54 58 10
54 59 10
54 60 10
54 61 10
54 62 10
54 63 10
54 64 10
54 65 10
54 66 10
54 67 10
54 68 10
54 69 10
54 70 10
54 71 10
54 72 10
54 73 10
54 74 10
54 75 10
54 76 10
54 77 10
54 78 10
54 79 10
54 80 10
54 81 10
54 82 10
54 83 10
54 84 10
54 85 10
54 86 10
54 87 10
54 88 10
54 89 10
54 90 10
54 91 10
54 92 10
54 93 10
54 94 10
54 95 10
54 96 10
54 97 10
54 98 10
54 99 10
55 0 6
55 1 6
55 2 6
55 3 6
55 4 6
55 5 6
55 6 6
55 7 6
55 8 6
55 9 6
55 10 6
55 11 6
55 12 6
55 13 6
55 14 6
55 15 6
55 16 7
55 17 7
55 18 7
55 19 7
55 20 7
55 21 7
55 22 7
55 23 7
55 24 7
55 25 7
55 26 7
55 27 7
55 28 7
55 29 7
55 30 7
55 31 7
55 32 7
55 33 7
55 34 7
55 35 7
55 36 7
55 37 7
55 38 7
55 39 7
55 40 7
55 41 4
55 42 4
55 43 4
55 44 4
55 45 4
55 46 4
55 47 4
55 48 4
55 49 10
55 50 10
55 51 10
55 52 10
55 53 10
55 54 10
55 55 10
55 56 10
55 57 10
55 58 10
55 59 10
55 60 10
55 61 10
55 62 10
55 63 10
55 64 10
55 65 10
55 66 10
55 67 10
55 68 10
55 69 10
55 70 10
55 71 10
55 72 10
55 73 10
55 74 10
55 75 10
55 76 10
55 77 10
55 78 10
55 79 10
55 80 10
55 81 10
55 82 10
55 83 10
55 84 10
55 85 10
55 86 10
55 87 10
55 88 10
55 89 10
55 90 10
55 91 10
55 92 10
55 93 10
55 94 10
55 95 10
55 96 10
55 97 10
55 98 10
55 99 10
56 0 6
56 1 6
56 2 6
56 3 6
56 4 6
56 5 6
56 6 6
56 7 6
56 8 6
56 9 6
56 10 6
56 11 6
56 12 6
56 13 6
56 14 6
56 15 6
56 16 6
56 17 7
56 18 7
56 19 7
56 20 7
56 21 7
56 22 7
56 23 7
56 24 7
56 25 7
56 26 7
56 27 7
56 28 7
56 29 7
56 30 7
56 31 7
56 32 7
56 33 7
56 34 7
56 35 7
56 36 7
56 37 7
56 38 7
56 39 7
56 40 7
56 41 7
56 42 4
56 43 4
56 44 4
56 45 4
56 46 4
56 47 4
56 48 4
56 49 10
56 50 10
56 51 10
56 52 10
56 53 10
56 54 10
56 55 10
56 56 10
56 57 10
56 58 10
56 59 10
56 60 10
56 61 10
56 62 10
56 63 10
56 64 10
56 65 10
56 66 10
56 67 10
56 68 10
56 69 10
56 70 10
56 71 10
56 72 10
56 73 10
56 74 10
56 75 10
56 76 10
56 77 10
56 78 10
56 79 10
56 80 10
56 81 10
56 82 10
56 83 10
56 84 10
56 85 10
56 86 10
56 87 10
56 88 10
56 89 10
56 90 10
56 91 10
56 92 10
56 93 10
56 94 10
56 95 10
56 96 10
56 97 10
56 98 10
56 99 10
57 0 6
57 1 6
57 2 6
57 3 6
57 4 6
57 5 6
57 6 6
57 7 6
57 8 6
57 9 6
57 10 6
57 11 6
57 12 6
57 13 6
57 14 6
57 15 6
57 16 6
57 17 7
57 18 7
57 19 7
57 20 7
57 21 7
57 22 7
57 23 7
57 24 7
57 25 7
57 26 7
57 27 7
57 28 7
57 29 7
57 30 7
57 31 7
57 32 7
57 33 7
57 34 7
57 35 7
57 36 7
57 37 7
57 38 7
57 39 7
57 40 7
57 41 7
57 42 7
57 43 4
57 44 4
57 45 4
57 46 4
57 47 4
57 48 4
57 49 10
57 50 10
57 51 10
57 52 10
57 53 10
57 54 10
57 55 10
57 56 10
57 57 10
57 58 10
57 59 10
57 60 10
57 61 10
57 62 10
57 63 10
57 64 10
57 65 10
57 66 10
57 67 10
57 68 10
57 69 10
57 70 10
57 71 10
57 72 10
57 73 10
57 74 10
57 75 10
57 76 10
57 77 10
57 78 10
57 79 10
57 80 10
57 81 10
57 82 10
57 83 10
57 84 10
57 85 10
57 86 10
57 87 10
57 88 10
57 89 10
57 90 10
57 91 10
57 92 10
57 93 10
57 94 10
57 95 10
57 96 10
57 97 10
57 98 10
57 99 10
58 0 6
58 1 6
58 2 6
58 3 6
58 4 6
58 5 6
58 6 6
58 7 6
58 8 6
58 9 6
58 10 6
58 11 6
58 12 6
58 13 6
58 14 6
58 15 6
58 16 6
58 17 6
58 18 6
58 19 7
58 20 7
58 21 7
58 22 7
58 23 7
58 24 7
58 25 7
58 26 7
58 27 7
58 28 7
58 29 7
58 30 7
58 31 7
58 32 7
58 33 7
58 34 7
58 35 7
58 36 7
58 37 7
58 38 7
58 39 7
58 40 7
58 41 7
58 42 7
58 43 4
58 44 4
58 45 4
58 46 4
58 47 4
58 48 10
58 49 10
58 50 10
58 51 10
58 52 10
58 53 10
58 54 10
58 55 10
58 56 10
58 57 10
58 58 10
58 59 10
58 60 10
58 61 10
58 62 10
58 63 10
58 64 10
58 65 10
58 66 10
58 67 10
58 68 10
58 69 10
58 70 10
58 71 10
58 72 10
58 73 10
58 74 10
58 75 10
58 76 10
58 77 10
58 78 10
58 79 10
58 80 10
58 81 10
58 82 10
58 83 10
58 84 10
58 85 10
58 86 10
58 87 10
58 88 10
58 89 10
58 90 10
58 91 10
58 92 10
58 93 10
58 94 10
58 95 10
58 96 10
58 97 10
58 98 10
58 99 10
59 0 6
59 1 6
59 2 6
59 3 6
59 4 6
59 5 6
59 6 6
59 7 6
59 8 6
59 9 6
59 10 6
59 11 6
59 12 6
59 13 6
59 14 6
59 15 6
59 16 6
59 17 6
59 18 6
59 19 6
59 20 6
59 21 6
59 22 6
59 23 7
59 24 7
59 25 7
59 26 7
59 27 7
59 28 7
59 29 7
59 30 7
59 31 7
59 32 7
59 33 7
59 34 7
59 35 7
59 36 7
59 37 7
59 38 7
59 39 7
59 40 7
59 41 7
59 42 7
59 43 4
59 44 4
59 45 4
59 46 4
59 47 10
59 48 10
59 49 10
59 50 10
59 51 1
59 52 10
59 53 10
59 54 10
59 55 10
59 56 10
59 57 10
59 58 10
59 59 10
59 60 10
59 61 10
59 62 10
59 63 10
59 64 10
59 65 10
59 66 10
59 67 10
59 68 10
59 69 10
59 70 10
59 71 10
59 72 10
59 73 10
59 74 10
59 75 10
59 76 10
59 77 10
59 78 10
59 79 10
59 80 10
59 81 10
59 82 10
59 83 10
59 84 10
59 85 10
59 86 10
59 87 10
59 88 10
59 89 10
59 90 10
59 91 10
59 92 10
59 93 10
59 94 10
59 95 10
59 96 10
59 97 10
59 98 10
59 99 10
60 0 6
60 1 6
60 2 6
60 3 6
60 4 6
60 5 6
60 6 6
60 7 6
60 8 6
60 9 6
60 10 6
60 11 6
60 12 6
60 13 6
60 14 6
60 15 6
60 16 6
60 17 6
60 18 6
60 19 6
60 20 6
60 21 6
60 22 6
60 23 6
60 24 7
60 25 7
60 26 7
60 27 7
60 28 7
60 29 7
60 30 7
60 31 7
60 32 7
60 33 7
60 34 7
60 35 7
60 36 7
60 37 7
60 38 7
60 39 7
60 40 7
60 41 7
60 42 7
60 43 4
60 44 4
60 45 4
60 46 1
60 47 1
60 48 1
60 49 1
60 50 1
60 51 1
60 52 1
60 53 1
60 54 10
60 55 10
60 56 10
60 57 10
60 58 10
60 59 10
60 60 10
60 61 10
60 62 10
60 63 10
60 64 10
60 65 10
60 66 10
60 67 10
60 68 10
60 69 10
60 70 10
60 71 10
60 72 1
60 73 1
60 74 1
60 75 1
60 76 10
60 77 10
60 78 10
60 79 10
60 80 10
60 81 10
60 82 10
60 83 10
60 84 10
60 85 10
60 86 10
60 87 10
60 88 10
60 89 10
60 90 10
60 91 10
60 92 10
60 93 10
60 94 10
60 95 10
60 96 10
60 97 10
60 98 10
60 99 10
61 0 6
61 1 6
61 2 6
61 3 6
61 4 6
61 5 6
61 6 6
61 7 6
61 8 6
61 9 6
61 10 6
61 11 6
61 12 6
61 13 6
61 14 6
61 15 6
61 16 6
61 17 6
61 18 6
61 19 6
61 20 6
61 21 6
61 22 6
61 23 6
61 24 7
61 25 7
61 26 7
61 27 7
61 28 7
61 29 7
61 30 7
61 31 7
61 32 7
61 33 7
61 34 7
61 35 7
61 36 7
61 37 7
61 38 7
61 39 7
61 40 7
61 41 7
61 42 7
61 43 7
61 44 4
61 45 1
61 46 1
61 47 1
61 48 1
61 49 1
61 50 1
61 51 1
61 52 1
61 53 1
61 54 1
61 55 1
61 56 1
61 57 10
61 58 10
61 59 1
61 60 1
61 61 1
61 62 10
61 63 10
61 64 10
61 65 10
61 66 10
61 67 10
61 68 10
61 69 10
61 70 1
61 71 1
61 72 1
61 73 1
61 74 1
61 75 1
61 76 1
61 77 1
61 78 10
61 79 10
61 80 10
61 81 10
61 82 10
61 83 10
61 84 10
61 85 10
61 86 10
61 87 10
61 88 10
61 89 10
61 90 10
61 91 10
61 92 10
61 93 10
61 94 10
61 95 10
61 96 10
61 97 10
61 98 10
61 99 10
62 0 6
62 1 6
62 2 6
62 3 6
62 4 6
62 5 6
62 6 6
62 7 6
62 8 6
62 9 6
62 10 6
62 11 6
62 12 6
62 13 6
62 14 6
62 15 6
62 16 6
62 17 6
62 18 6
62 19 6
62 20 6
62 21 6
62 22 6
62 23 6
62 24 6
62 25 7
62 26 7
62 27 7
62 28 7
62 29 7
62 30 7
62 31 7
62 32 7
62 33 7
62 34 7
62 35 7
62 36 7
62 37 7
62 38 7
62 39 7
62 40 7
62 41 7
62 42 7
62 43 7
62 44 7
62 45 7
62 46 1
62 47 1
62 48 1
62 49 1
62 50 1
62 51 1
62 52 1
62 53 1
62 54 1
62 55 1
62 56 1
62 57 1
62 58 1
62 59 1
62 60 1
62 61 1
62 62 1
62 63 10
62 64 10
62 65 1
62 66 1
62 67 1
62 68 1
62 69 1
62 70 1
62 71 1
62 72 1
62 73 1
62 74 1
62 75 1
62 76 1
62 77 1
62 78 1
62 79 10
62 80 10
62 81 10
62 82 10
62 83 10
62 84 10
62 85 10
62 86 10
62 87 10
62 88 10
62 89 10
62 90 10
62 91 10
62 92 10
62 93 10
62 94 10
62 95 10
62 96 10
62 97 10
62 98 10
62 99 10
63 0 6
63 1 6
63 2 6
63 3 6
63 4 6
63 5 6
63 6 6
63 7 6
63 8 6
63 9 6
63 10 6
63 11 6
63 12 6
63 13 6
63 14 6
63 15 6
63 16 6
63 17 6
63 18 6
63 19 6
63 20 6
63 21 6
63 22 6
63 23 6
63 24 6
63 25 6
63 26 7
63 27 7
63 28 7
63 29 7
63 30 7
63 31 7
63 32 7
63 33 7
63 34 7
63 35 7
63 36 7
63 37 7
63 38 7
63 39 7
63 40 7
63 41 7
63 42 7
63 43 7
63 44 7
63 45 1
63 46 1
63 47 1
63 48 1
63 49 1
63 50 1
63 51 1
63 52 1
63 53 1
63 54 1
63 55 1
63 56 1
63 57 1
63 58 1
63 59 1
63 60 1
63 61 1
63 62 1
63 63 1
63 64 1
63 65 1
63 66 1
63 67 1
63 68 1
63 69 1
63 70 1
63 71 1
63 72 1
63 73 1
63 74 1
63 75 1
63 76 1
63 77 1
63 78 1
63 79 1
63 80 10
63 81 10
63 82 10
63 83 10
63 84 10
63 85 10
63 86 10
63 87 10
63 88 10
63 89 10
63 90 10
63 91 10
63 92 10
63 93 10
63 94 10
63 95 10
63 96 10
63 97 10
63 98 10
63 99 10
64 0 6
64 1 6
64 2 6
64 3 6
64 4 6
64 5 6
64 6 6
64 7 6
64 8 6
64 9 6
64 10 6
64 11 6
64 12 6
64 13 6
64 14 6
64 15 6
64 16 6
64 17 6
64 18 6
64 19 6
64 20 6
64 21 6
64 22 6
64 23 6
64 24 6
64 25 6
64 26 6
64 27 6
64 28 6
64 29 7
64 30 7
64 31 7
64 32 7
64 33 7
64 34 7
64 35 7
64 36 7
64 37 7
64 38 7
64 39 7
64 40 7
64 41 7
64 42 5
64 43 7
64 44 7
64 45 1
64 46 1
64 47 1
64 48 1
64 49 1
64 50 1
64 51 1
64 52 1
64 53 1
64 54 1
64 55 1
64 56 1
64 57 1
64 58 1
64 59 1
64 60 1
64 61 1
64 62 1
64 63 1
64 64 1
64 65 1
64 66 1
64 67 1
64 68 1
64 69 1
64 70 1
64 71 1
64 72 1
64 73 1
64 74 1
64 75 1
64 76 1
64 77 1
64 78 1
64 79 1
64 80 1
64 81 1
64 82 10
64 83 10
64 84 10
64 85 10
64 86 10
64 87 10
64 88 10
64 89 10
64 90 10
64 91 10
64 92 10
64 93 10
64 94 10
64 95 10
64 96 10
64 97 10
64 98 10
64 99 10
65 0 6
65 1 6
65 2 6
65 3 6
65 4 6
65 5 6
65 6 6
65 7 6
65 8 6
65 9 6
65 10 6
65 11 6
65 12 6
65 13 6
65 14 6
65 15 6
65 16 6
65 17 6
65 18 6
65 19 6
65 20 6
65 21 6
65 22 6
65 23 6
65 24 6
65 25 6
65 26 6
65 27 6
65 28 6
65 29 6
65 30 7
65 31 7
65 32 7
65 33 7
65 34 7
65 35 7
65 36 7
65 37 7
65 38 5
65 39 5
65 40 5
65 41 5
65 42 5
65 43 7
65 44 1
65 45 1
65 46 1
65 47 1
65 48 1
65 49 1
65 50 1
65 51 1
65 52 1
65 53 1
65 54 1
65 55 1
65 56 1
65 57 1
65 58 1
65 59 1
65 60 1
65 61 1
65 62 1
65 63 1
65 64 1
65 65 1
65 66 1
65 67 1
65 68 1
65 69 1
65 70 1
65 71 1
65 72 1
65 73 1
65 74 1
65 75 1
65 76 1
65 77 1
65 78 1
65 79 1
65 80 1
65 81 1
65 82 1
65 83 10
65 84 10
65 85 10
65 86 10
65 87 10
65 88 10
65 89 10
65 90 10
65 91 10
65 92 10
65 93 10
65 94 10
65 95 10
65 96 10
65 97 10
65 98 10
65 99 10
66 0 6
66 1 6
66 2 6
66 3 6
66 4 6
66 5 6
66 6 6
66 7 6
66 8 6
66 9 6
66 10 6
66 11 6
66 12 6
66 13 6
66 14 6
66 15 6
66 16 6
66 17 6
66 18 6
66 19 6
66 20 6
66 21 6
66 22 6
66 23 6
66 24 6
66 25 6
66 26 6
66 27 6
66 28 6
66 29 6
66 30 6
66 31 7
66 32 7
66 33 7
66 34 7
66 35 7
66 36 7
66 37 5
66 38 5
66 39 5
66 40 5
66 41 5
66 42 5
66 43 5
66 44 5
66 45 1
66 46 1
66 47 1
66 48 1
66 49 1
66 50 1
66 51 1
66 52 1
66 53 1
66 54 1
66 55 1
66 56 1
66 57 1
66 58 1
66 59 1
66 60 1
66 61 1
66 62 1
66 63 1
66 64 1
66 65 1
66 66 1
66 67 1
66 68 1
66 69 1
66 70 1
66 71 1
66 72 1
66 73 1
66 74 1
66 75 1
66 76 1
66 77 1
66 78 1
66 79 1
66 80 1
66 81 1
66 82 1
66 83 1
66 84 1
66 85 10
66 86 10
66 87 10
66 88 10
66 89 1
66 90 10
66 91 10
66 92 1
66 93 10
66 94 10
66 95 10
66 96 10
66 97 10
66 98 10
66 99 10
67 0 6
67 1 6
67 2 6
67 3 6
67 4 6
67 5 6
67 6 6
67 7 6
67 8 6
67 9 6
67 10 6
67 11 6
67 12 6
67 13 6
67 14 6
67 15 6
67 16 6
67 17 6
67 18 6
67 19 6
67 20 6
67 21 6
67 22 6
67 23 6
67 24 6
67 25 6
67 26 6
67 27 6
67 28 6
67 29 6
67 30 6
67 31 6
67 32 6
67 33 6
67 34 7
67 35 5
67 36 5
67 37 5
67 38 5
67 39 5
67 40 5
67 41 5
67 42 5
67 43 5
67 44 5
67 45 5
67 46 1
67 47 1
67 48 1
67 49 1
67 50 1
67 51 1
67 52 1
67 53 1
67 54 1
67 55 1
67 56 1
67 57 1
67 58 1
67 59 1
67 60 1
67 61 1
67 62 1
67 63 1
67 64 1
67 65 1
67 66 1
67 67 1
67 68 1
67 69 1
67 70 1
67 71 1
67 72 1
67 73 1
67 74 1
67 75 1
67 76 1
67 77 1
67 78 1
67 79 1
67 80 1
67 81 1
67 82 1
67 83 1
67 84 1
67 85 1
67 86 10
67 87 1
67 88 1
67 89 1
67 90 1
67 91 1
67 92 1
67 93 1
67 94 1
67 95 10
67 96 10
67 97 10
67 98 10
67 99 10
68 0 6
68 1 6
68 2 6
68 3 6
68 4 6
68 5 6
68 6 6
68 7 6
68 8 6
68 9 6
68 10 6
68 11 6
68 12 6
68 13 6
68 14 6
68 15 6
68 16 6
68 17 6
68 18 6
68 19 6
68 20 6
68 21 6
68 22 6
68 23 6
68 24 6
68 25 6
68 26 6
68 27 6
68 28 6
68 29 6
68 30 6
68 31 6
68 32 6
68 33 7
68 34 5
68 35 5
68 36 5
68 37 5
68 38 5
68 39 5
68 40 5
68 41 5
68 42 5
68 43 5
68 44 5
68 45 5
68 46 5
68 47 1
68 48 1
68 49 1
68 50 1
68 51 1
68 52 1
68 53 1
68 54 1
68 55 1
68 56 1
68 57 1
68 58 1
68 59 1
68 60 1
68 61 1
68 62 1
68 63 1
68 64 1
68 65 1
68 66 1
68 67 1
68 68 1
68 69 1
68 70 1
68 71 1
68 72 1
68 73 1
68 74 1
68 75 1
68 76 1
68 77 1
68 78 1
68 79 1
68 80 1
68 81 1
68 82 1
68 83 1
68 84 1
68 85 1
68 86 1
68 87 1
68 88 1
68 89 1
68 90 1
68 91 1
68 92 1
68 93 1
68 94 1
68 95 1
68 96 1
68 97 10
68 98 10
68 99 10
69 0 6
69 1 6
69 2 6
69 3 6
69 4 6
69 5 6
69 6 6
69 7 6
69 8 6
69 9 6
69 10 6
69 11 6
69 12 6
69 13 6
69 14 6
69 15 6
69 16 6
69 17 6
69 18 6
69 19 6
69 20 6
69 21 6
69 22 6
69 23 6
69 24 6
69 25 6
69 26 6
69 27 6
69 28 6
69 29 6
69 30 6
69 31 6
69 32 6
69 33 5
69 34 5
69 35 5
69 36 5
69 37 5
69 38 5
69 39 5
69 40 5
69 41 5
69 42 5
69 43 5
69 44 5
69 45 5
69 46 5
69 47 5
69 48 5
69 49 1
69 50 1
69 51 1
69 52 1
69 53 1
69 54 1
69 55 1
69 56 1
69 57 1
69 58 1
69 59 1
69 60 1
69 61 1
69 62 1
69 63 1
69 64 1
69 65 1
69 66 1
69 67 1
69 68 1
69 69 1
69 70 1
69 71 1
69 72 1
69 73 1
69 74 1
69 75 1
69 76 1
69 77 1
69 78 1
69 79 1
69 80 1
69 81 1
69 82 1
69 83 1
69 84 1
69 85 1
69 86 1
69 87 1
69 88 1
69 89 1
69 90 1
69 91 1
69 92 1
69 93 1
69 94 1
69 95 1
69 96 1
69 97 1
69 98 10
69 99 10
70 0 6
70 1 6
70 2 6
70 3 6
70 4 6
70 5 6
70 6 6
70 7 6
70 8 6
70 9 6
70 10 6
70 11 6
70 12 6
70 13 6
70 14 6
70 15 6
70 16 6
70 17 6
70 18 6
70 19 6
70 20 6
70 21 6
70 22 6
70 23 6
70 24 6
70 25 6
70 26 6
70 27 6
70 28 6
70 29 6
70 30 6
70 31 6
70 32 5
70 33 5
70 34 5
70 35 5
70 36 5
70 37 5
70 38 5
70 39 5
70 40 5
70 41 5
70 42 5
70 43 5
70 44 5
70 45 5
70 46 5
70 47 5
70 48 5
70 49 1
70 50 1
70 51 1
70 52 1
70 53 1
70 54 1
70 55 1
70 56 1
70 57 1
70 58 1
70 59 1
70 60 1
70 61 1
70 62 1
70 63 1
70 64 1
70 65 1
70 66 1
70 67 1
70 68 1
70 69 1
70 70 1
70 71 1
70 72 1
70 73 1
70 74 1
70 75 1
70 76 1
70 77 1
70 78 1
70 79 1
70 80 1
70 81 1
70 82 1
70 83 1
70 84 1
70 85 1
70 86 1
70 87 1
70 88 1
70 89 1
70 90 1
70 91 1
70 92 1
70 93 1
70 94 1
70 95 1
70 96 1
70 97 1
70 98 1
70 99 1
71 0 6
71 1 6
71 2 6
71 3 6
71 4 6
71 5 6
71 6 6
71 7 6
71 8 6
71 9 6
71 10 6
71 11 6
71 12 6
71 13 6
71 14 6
71 15 6
71 16 6
71 17 6
71 18 6
71 19 6
71 20 6
71 21 6
71 22 6
71 23 6
71 24 6
71 25 6
71 26 6
71 27 6
71 28 6
71 29 6
71 30 6
71 31 6
71 32 5
71 33 5
71 34 5
71 35 5
71 36 5
71 37 5
71 38 5
71 39 5
71 40 5
71 41 5
71 42 5
71 43 5
71 44 5
71 45 5
71 46 5
71 47 5
71 48 5
71 49 5
71 50 5
71 51 1
71 52 1
71 53 1
71 54 1
71 55 1
71 56 1
71 57 1
71 58 1
71 59 1
71 60 1
71 61 1
71 62 1
71 63 1
71 64 1
71 65 1
71 66 1
71 67 1
71 68 1
71 69 1
71 70 1
71 71 1
71 72 1
71 73 1
71 74 1
71 75 1
71 76 1
71 77 1
71 78 1
71 79 1
71 80 1
71 81 1
71 82 1
71 83 1
71 84 1
71 85 1
71 86 1
71 87 1
71 88 1
71 89 1
71 90 1
71 91 1
71 92 1
71 93 1
71 94 1
71 95 1
71 96 1
71 97 1
71 98 1
71 99 1
72 0 6
72 1 6
72 2 6
72 3 6
72 4 6
72 5 6
72 6 6
72 7 6
72 8 6
72 9 6
72 10 6
72 11 6
72 12 6
72 13 6
72 14 6
72 15 6
72 16 6
72 17 6
72 18 6
72 19 6
72 20 6
72 21 6
72 22 6
72 23 6
72 24 6
72 25 6
72 26 6
72 27 6
72 28 6
72 29 6
72 30 6
72 31 6
72 32 6
72 33 5
72 34 5
72 35 5
72 36 5
72 37 5
72 38 5
72 39 5
72 40 5
72 41 5
72 42 5
72 43 5
72 44 5
72 45 5
72 46 5
72 47 5
72 48 5
72 49 5
72 50 5
72 51 1
72 52 1
72 53 1
72 54 1
72 55 1
72 56 1
72 57 1
72 58 1
72 59 1
72 60 1
72 61 1
72 62 1
72 63 1
72 64 1
72 65 1
72 66 1
72 67 1
72 68 1
72 69 1
72 70 1
72 71 1
72 72 1
72 73 1
72 74 1
72 75 1
72 76 1
72 77 1
72 78 1
72 79 1
72 80 1
72 81 1
72 82 1
72 83 1
72 84 1
72 85 1
72 86 1
72 87 1
72 88 1
72 89 1
72 90 1
72 91 1
72 92 1
72 93 1
72 94 1
72 95 1
72 96 1
72 97 1
72 98 1
72 99 1
73 0 6
73 1 6
73 2 6
73 3 6
73 4 6
73 5 6
73 6 6
73 7 6
73 8 6
73 9 6
73 10 6
73 11 6
73 12 6
73 13 6
73 14 6
73 15 6
73 16 6
73 17 6
73 18 6
73 19 6
73 20 6
73 21 6
73 22 6
73 23 6
73 24 6
73 25 6
73 26 6
73 27 6
73 28 6
73 29 6
73 30 6
73 31 6
73 32 6
73 33 5
73 34 5
73 35 5
73 36 5
73 37 5
73 38 5
73 39 5
73 40 5
73 41 5
73 42 5
73 43 5
73 44 5
73 45 5
73 46 5
73 47 5
73 48 5
73 49 5
73 50 5
73 51 5
73 52 1
73 53 1
73 54 1
73 55 1
73 56 1
73 57 1
73 58 1
73 59 1
73 60 1
73 61 1
73 62 1
73 63 1
73 64 1
73 65 1
73 66 1
73 67 1
73 68 1
73 69 1
73 70 1
73 71 1
73 72 1
73 73 1
73 74 1
73 75 1
73 76 1
73 77 1
73 78 1
73 79 1
73 80 1
73 81 1
73 82 1
73 83 1
73 84 1
73 85 1
73 86 1
73 87 1
73 88 1
73 89 1
73 90 1
73 91 1
73 92 1
73 93 1
73 94 1
73 95 1
73 96 1
73 97 1
73 98 1
73 99 1
74 0 6
74 1 6
74 2 6
74 3 6
74 4 6
74 5 6
74 6 6
74 7 6
74 8 6
74 9 6
74 10 6
74 11 6
74 12 6
74 13 6
74 14 6
74 15 6
74 16 6
74 17 6
74 18 6
74 19 6
74 20 6
74 21 6
74 22 6
74 23 6
74 24 6
74 25 6
74 26 6
74 27 6
74 28 6
74 29 6
74 30 6
74 31 6
74 32 6
74 33 5
74 34 5
74 35 5
74 36 5
74 37 5
74 38 5
74 39 5
74 40 5
74 41 5
74 42 5
74 43 5
74 44 5
74 45 5
74 46 5
74 47 5
74 48 5
74 49 5
74 50 5
74 51 5
74 52 5
74 53 1
74 54 1
74 55 1
74 56 1
74 57 1
74 58 1
74 59 1
74 60 1
74 61 1
74 62 1
74 63 1
74 64 1
74 65 1
74 66 1
74 67 1
74 68 1
74 69 1
74 70 1
74 71 1
74 72 1
74 73 1
74 74 1
74 75 1
74 76 1
74 77 1
74 78 1
74 79 1
74 80 1
74 81 1
74 82 1
74 83 1
74 84 1
74 85 1
74 86 1
74 87 1
74 88 1
74 89 1
74 90 1
74 91 1
74 92 1
74 93 1
74 94 1
74 95 1
74 96 1
74 97 1
74 98 1
74 99 1
75 0 6
75 1 6
75 2 6
75 3 6
75 4 6
75 5 6
75 6 6
75 7 6
75 8 6
75 9 6
75 10 6
75 11 6
75 12 6
75 13 6
75 14 6
75 15 6
75 16 6
75 17 6
75 18 6
75 19 6
75 20 6
75 21 6
75 22 6
75 23 6
75 24 6
75 25 6
75 26 6
75 27 6
75 28 6
75 29 6
75 30 6
75 31 6
75 32 6
75 33 5
75 34 5
75 35 5
75 36 5
75 37 5
75 38 5
75 39 5
75 40 5
75 41 5
75 42 5
75 43 5
75 44 5
75 45 5
75 46 5
75 47 5
75 48 5
75 49 5
75 50 5
75 51 5
75 52 5
75 53 5
75 54 1
75 55 1
75 56 1
75 57 1
75 58 1
75 59 1
75 60 1
75 61 1
75 62 1
75 63 1
75 64 1
75 65 1
75 66 1
75 67 1
75 68 1
75 69 1
75 70 1
75 71 1
75 72 1
75 73 1
75 74 1
75 75 1
75 76 1
75 77 1
75 78 1
75 79 1
75 80 1
75 81 1
75 82 1
75 83 1
75 84 1
75 85 1
75 86 1
75 87 1
75 88 1
75 89 1
75 90 1
75 91 1
75 92 1
75 93 1
75 94 1
75 95 1
75 96 1
75 97 1
75 98 1
75 99 1
76 0 6
76 1 6
76 2 6
76 3 6
76 4 6
76 5 6
76 6 6
76 7 6
76 8 6
76 9 6
76 10 6
76 11 6
76 12 6
76 13 6
76 14 6
76 15 6
76 16 6
76 17 6
76 18 6
76 19 6
76 20 6
76 21 6
76 22 6
76 23 6
76 24 6
76 25 6
76 26 6
76 27 6
76 28 6
76 29 6
76 30 6
76 31 6
76 32 6
76 33 5
76 34 5
76 35 5
76 36 5
76 37 5
76 38 5
76 39 5
76 40 5
76 41 5
76 42 5
76 43 5
76 44 5
76 45 5
76 46 5
76 47 5
76 48 5
76 49 5
76 50 5
76 51 5
76 52 5
76 53 5
76 54 1
76 55 1
76 56 1
76 57 1
76 58 1
76 59 1
76 60 1
76 61 1
76 62 1
76 63 1
76 64 1
76 65 1
76 66 1
76 67 1
76 68 1
76 69 1
76 70 1
76 71 1
76 72 1
76 73 1
76 74 1
76 75 1
76 76 1
76 77 1
76 78 1
76 79 1
76 80 1
76 81 1
76 82 1
76 83 1
76 84 1
76 85 1
76 86 1
76 87 1
76 88 1
76 89 1
76 90 1
76 91 1
76 92 1
76 93 1
76 94 1
76 95 1
76 96 1
76 97 1
76 98 1
76 99 1
77 0 6
77 1 6
77 2 6
77 3 6
77 4 6
77 5 6
77 6 6
77 7 6
77 8 6
77 9 6
77 10 6
77 11 6
77 12 6
77 13 6
77 14 6
77 15 6
77 16 6
77 17 6
77 18 6
77 19 6
77 20 6
77 21 6
77 22 6
77 23 6
77 24 6
77 25 6
77 26 6
77 27 6
77 28 6
77 29 6
77 30 6
77 31 6
77 32 6
77 33 5
77 34 5
77 35 5
77 36 5
77 37 5
77 38 5
77 39 5
77 40 5
77 41 5
77 42 5
77 43 5
77 44 5
77 45 5
77 46 5
77 47 5
77 48 5
77 49 5
77 50 5
77 51 5
77 52 5
77 53 5
77 54 5
77 55 1
77 56 1
77 57 1
77 58 1
77 59 1
77 60 1
77 61 1
77 62 1
77 63 1
77 64 1
77 65 1
77 66 1
77 67 1
77 68 1
77 69 1
77 70 1
77 71 1
77 72 1
77 73 1
77 74 1
77 75 1
77 76 1
77 77 1
77 78 1
77 79 1
77 80 1
77 81 1
77 82 1
77 83 1
77 84 1
77 85 1
77 86 1
77 87 1
77 88 1
77 89 1
77 90 1
77 91 1
77 92 1
77 93 1
77 94 1
77 95 1
77 96 1
77 97 1
77 98 1
77 99 1
78 0 6
78 1 6
78 2 6
78 3 6
78 4 6
78 5 6
78 6 6
78 7 6
78 8 6
78 9 6
78 10 6
78 11 6
78 12 6
78 13 6
78 14 6
78 15 6
78 16 6
78 17 6
78 18 6
78 19 6
78 20 6
78 21 6
78 22 6
78 23 6
78 24 6
78 25 6
78 26 6
78 27 6
78 28 6
78 29 6
78 30 6
78 31 6
78 32 2
78 33 5
78 34 5
78 35 5
78 36 5
78 37 5
78 38 5
78 39 5
78 40 5
78 41 5
78 42 5
78 43 5
78 44 5
78 45 5
78 46 5
78 47 5
78 48 5
78 49 5
78 50 5
78 51 5
78 52 5
78 53 5
78 54 5
78 55 5
78 56 1
78 57 1
78 58 1
78 59 1
78 60 1
78 61 1
78 62 1
78 63 1
78 64 1
78 65 1
78 66 1
78 67 1
78 68 1
78 69 1
78 70 1
78 71 1
78 72 1
78 73 1
78 74 1
78 75 1
78 76 1
78 77 1
78 78 1
78 79 1
78 80 1
78 81 1
78 82 1
78 83 1
78 84 1
78 85 1
78 86 1
78 87 1
78 88 1
78 89 1
78 90 1
78 91 1
78 92 1
78 93 1
78 94 1
78 95 1
78 96 1
78 97 1
78 98 1
78 99 1
79 0 6
79 1 6
79 2 6
79 3 6
79 4 6
79 5 6
79 6 6
79 7 6
79 8 6
79 9 6
79 10 6
79 11 6
79 12 6
79 13 6
79 14 6
79 15 6
79 16 6
79 17 6
79 18 6
79 19 6
79 20 6
79 21 6
79 22 6
79 23 6
79 24 6
79 25 6
79 26 6
79 27 6
79 28 6
79 29 6
79 30 6
79 31 2
79 32 2
79 33 2
79 34 5
79 35 5
79 36 5
79 37 5
79 38 5
79 39 5
79 40 5
79 41 5
79 42 5
79 43 5
79 44 5
79 45 5
79 46 5
79 47 5
79 48 5
79 49 5
79 50 5
79 51 5
79 52 5
79 53 5
79 54 5
79 55 5
79 56 1
79 57 1
79 58 1
79 59 1
79 60 1
79 61 1
79 62 1
79 63 1
79 64 1
79 65 1
79 66 1
79 67 1
79 68 1
79 69 1
79 70 1
79 71 1
79 72 1
79 73 1
79 74 1
79 75 1
79 76 1
79 77 1
79 78 1
79 79 1
79 80 1
79 81 1
79 82 1
79 83 1
79 84 1
79 85 1
79 86 1
79 87 1
79 88 1
79 89 1
79 90 1
79 91 1
79 92 1
79 93 1
79 94 1
79 95 1
79 96 1
79 97 1
79 98 1
79 99 1
80 0 6
80 1 6
80 2 6
80 3 6
80 4 6
80 5 6
80 6 6
80 7 6
80 8 6
80 9 6
80 10 6
80 11 6
80 12 6
80 13 6
80 14 6
80 15 6
80 16 6
80 17 6
80 18 6
80 19 6
80 20 6
80 21 6
80 22 6
80 23 6
80 24 6
80 25 6
80 26 6
80 27 6
80 28 2
80 29 6
80 30 2
80 31 2
80 32 2
80 33 2
80 34 5
80 35 5
80 36 5
80 37 5
80 38 5
80 39 5
80 40 5
80 41 5
80 42 5
80 43 5
80 44 5
80 45 5
80 46 5
80 47 5
80 48 5
80 49 5
80 50 5
80 51 5
80 52 5
80 53 5
80 54 5
80 55 5
80 56 1
80 57 1
80 58 5
80 59 1
80 60 1
80 61 1
80 62 1
80 63 1
80 64 1
80 65 1
80 66 1
80 67 1
80 68 1
80 69 1
80 70 1
80 71 1
80 72 1
80 73 1
80 74 1
80 75 1
80 76 1
80 77 1
80 78 1
80 79 1
80 80 1
80 81 1
80 82 1
80 83 1
80 84 1
80 85 1
80 86 1
80 87 1
80 88 1
80 89 1
80 90 1
80 91 1
80 92 1
80 93 1
80 94 1
80 95 1
80 96 1
80 97 1
80 98 1
80 99 1
81 0 6
81 1 6
81 2 6
81 3 6
81 4 6
81 5 6
81 6 6
81 7 6
81 8 6
81 9 6
81 10 6
81 11 6
81 12 6
81 13 6
81 14 6
81 15 6
81 16 6
81 17 6
81 18 6
81 19 6
81 20 6
81 21 6
81 22 2
81 23 2
81 24 2
81 25 6
81 26 2
81 27 2
81 28 2
81 29 2
81 30 2
81 31 2
81 32 2
81 33 2
81 34 2
81 35 5
81 36 5
81 37 5
81 38 5
81 39 5
81 40 5
81 41 5
81 42 5
81 43 5
81 44 5
81 45 5
81 46 5
81 47 5
81 48 5
81 49 5
81 50 5
81 51 5
81 52 5
81 53 5
81 54 5
81 55 5
81 56 5
81 57 5
81 58 1
81 59 1
81 60 1
81 61 1
81 62 1
81 63 1
81 64 1
81 65 1
81 66 1
81 67 1
81 68 1
81 69 1
81 70 1
81 71 1
81 72 1
81 73 1
81 74 1
81 75 1
81 76 1
81 77 1
81 78 1
81 79 1
81 80 1
81 81 1
81 82 1
81 83 1
81 84 1
81 85 1
81 86 1
81 87 1
81 88 1
81 89 1
81 90 1
81 91 1
81 92 1
81 93 1
81 94 1
81 95 1
81 96 1
81 97 1
81 98 1
81 99 1
82 0 6
82 1 6
82 2 6
82 3 6
82 4 6
82 5 6
82 6 6
82 7 6
82 8 6
82 9 6
82 10 6
82 11 6
82 12 6
82 13 6
82 14 6
82 15 6
82 16 6
82 17 6
82 18 6
82 19 6
82 20 6
82 21 2
82 22 2
82 23 2
82 24 2
82 25 2
82 26 2
82 27 2
82 28 2
82 29 2
82 30 2
82 31 2
82 32 2
82 33 2
82 34 2
82 35 5
82 36 5
82 37 5
82 38 5
82 39 5
82 40 5
82 41 5
82 42 5
82 43 5
82 44 5
82 45 5
82 46 5
82 47 5
82 48 5
82 49 5
82 50 5
82 51 5
82 52 5
82 53 5
82 54 5
82 55 5
82 56 5
82 57 5
82 58 5
82 59 1
82 60 1
82 61 1
82 62 1
82 63 1
82 64 1
82 65 1
82 66 1
82 67 1
82 68 1
82 69 1
82 70 1
82 71 1
82 72 1
82 73 1
82 74 1
82 75 1
82 76 1
82 77 1
82 78 1
82 79 1
82 80 1
82 81 1
82 82 1
82 83 1
82 84 1
82 85 1
82 86 1
82 87 1
82 88 1
82 89 1
82 90 1
82 91 1
82 92 1
82 93 1
82 94 1
82 95 1
82 96 1
82 97 1
82 98 1
82 99 1
83 0 6
83 1 6
83 2 6
83 3 6
83 4 6
83 5 6
83 6 6
83 7 6
83 8 6
83 9 6
83 10 6
83 11 6
83 12 6
83 13 6
83 14 6
83 15 6
83 16 6
83 17 6
83 18 6
83 19 6
83 20 2
83 21 2
83 22 2
83 23 2
83 24 2
83 25 2
83 26 2
83 27 2
83 28 2
83 29 2
83 30 2
83 31 2
83 32 2
83 33 2
83 34 2
83 35 2
83 36 5
83 37 5
83 38 5
83 39 5
83 40 5
83 41 5
83 42 5
83 43 5
83 44 5
83 45 5
83 46 5
83 47 5
83 48 5
83 49 5
83 50 5
83 51 5
83 52 5
83 53 5
83 54 5
83 55 5
83 56 5
83 57 5
83 58 5
83 59 5
83 60 1
83 61 5
83 62 1
83 63 1
83 64 1
83 65 1
83 66 1
83 67 1
83 68 1
83 69 1
83 70 1
83 71 1
83 72 1
83 73 1
83 74 1
83 75 1
83 76 1
83 77 1
83 78 1
83 79 1
83 80 1
83 81 1
83 82 1
83 83 1
83 84 1
83 85 1
83 86 1
83 87 1
83 88 1
83 89 1
83 90 1
83 91 1
83 92 1
83 93 1
83 94 1
83 95 1
83 96 1
83 97 1
83 98 1
83 99 1
84 0 6
84 1 6
84 2 6
84 3 6
84 4 6
84 5 6
84 6 6
84 7 6
84 8 6
84 9 6
84 10 6
84 11 6
84 12 6
84 13 6
84 14 6
84 15 6
84 16 6
84 17 6
84 18 2
84 19 2
84 20 2
84 21 2
84 22 2
84 23 2
84 24 2
84 25 2
84 26 2
84 27 2
84 28 2
84 29 2
84 30 2
84 31 2
84 32 2
84 33 2
84 34 2
84 35 2
84 36 5
84 37 5
84 38 5
84 39 5
84 40 5
84 41 5
84 42 9
84 43 5
84 44 5
84 45 5
84 46 5
84 47 5
84 48 5
84 49 5
84 50 5
84 51 5
84 52 5
84 53 5
84 54 5
84 55 5
84 56 5
84 57 5
84 58 5
84 59 5
84 60 5
84 61 5
84 62 1
84 63 1
84 64 1
84 65 1
84 66 1
84 67 1
84 68 1
84 69 1
84 70 1
84 71 1
84 72 1
84 73 1
84 74 1
84 75 1
84 76 1
84 77 1
84 78 1
84 79 1
84 80 1
84 81 1
84 82 1
84 83 1
84 84 1
84 85 1
84 86 1
84 87 1
84 88 1
84 89 1
84 90 1
84 91 1
84 92 1
84 93 1
84 94 1
84 95 1
84 96 1
84 97 1
84 98 1
84 99 1
85 0 6
85 1 6
85 2 6
85 3 6
85 4 6
85 5 6
85 6 6
85 7 6
85 8 6
85 9 6
85 10 2
85 11 2
85 12 2
85 13 6
85 14 6
85 15 6
85 16 6
85 17 2
85 18 2
85 19 2
85 20 2
85 21 2
85 22 2
85 23 2
85 24 2
85 25 2
85 26 2
85 27 2
85 28 2
85 29 2
85 30 2
85 31 2
85 32 2
85 33 2
85 34 2
85 35 2
85 36 9
85 37 9
85 38 9
85 39 9
85 40 9
85 41 9
85 42 9
85 43 9
85 44 5
85 45 5
85 46 5
85 47 5
85 48 5
85 49 5
85 50 5
85 51 5
85 52 5
85 53 5
85 54 5
85 55 5
85 56 5
85 57 5
85 58 5
85 59 5
85 60 5
85 61 5
85 62 5
85 63 1
85 64 1
85 65 1
85 66 1
85 67 1
85 68 1
85 69 1
85 70 1
85 71 1
85 72 1
85 73 1
85 74 1
85 75 1
85 76 1
85 77 1
85 78 1
85 79 1
85 80 1
85 81 1
85 82 1
85 83 1
85 84 1
85 85 1
85 86 1
85 87 1
85 88 1
85 89 1
85 90 1
85 91 1
85 92 1
85 93 1
85 94 1
85 95 1
85 96 1
85 97 1
85 98 1
85 99 1
86 0 6
86 1 6
86 2 6
86 3 6
86 4 6
86 5 6
86 6 6
86 7 6
86 8 6
86 9 2
86 10 2
86 11 2
86 12 2
86 13 2
86 14 6
86 15 2
86 16 2
86 17 2
86 18 2
86 19 2
86 20 2
86 21 2
86 22 2
86 23 2
86 24 2
86 25 2
86 26 2
86 27 2
86 28 2
86 29 2
86 30 2
86 31 2
86 32 2
86 33 2
86 34 2
86 35 9
86 36 9
86 37 9
86 38 9
86 39 9
86 40 9
86 41 9
86 42 9
86 43 9
86 44 9
86 45 9
86 46 5
86 47 5
86 48 5
86 49 5
86 50 5
86 51 5
86 52 5
86 53 5
86 54 5
86 55 5
86 56 5
86 57 5
86 58 5
86 59 5
86 60 5
86 61 5
86 62 5
86 63 5
86 64 5
86 65 1
86 66 1
86 67 1
86 68 1
86 69 1
86 70 1
86 71 1
86 72 1
86 73 1
86 74 1
86 75 1
86 76 1
86 77 1
86 78 1
86 79 1
86 80 1
86 81 1
86 82 1
86 83 1
86 84 1
86 85 1
86 86 1
86 87 1
86 88 1
86 89 1
86 90 1
86 91 1
86 92 1
86 93 1
86 94 1
86 95 1
86 96 1
86 97 1
86 98 1
86 99 1
87 0 6
87 1 6
87 2 6
87 3 6
87 4 6
87 5 6
87 6 6
87 7 2
87 8 2
87 9 2
87 10 2
87 11 2
87 12 2
87 13 2
87 14 2
87 15 2
87 16 2
87 17 2
87 18 2
87 19 2
87 20 2
87 21 2
87 22 2
87 23 2
87 24 2
87 25 2
87 26 2
87 27 2
87 28 2
87 29 2
87 30 2
87 31 2
87 32 2
87 33 2
87 34 2
87 35 9
87 36 9
87 37 9
87 38 9
87 39 9
87 40 9
87 41 9
87 42 9
87 43 9
87 44 9
87 45 9
87 46 5
87 47 5
87 48 5
87 49 5
87 50 5
87 51 5
87 52 5
87 53 5
87 54 5
87 55 5
87 56 5
87 57 5
87 58 5
87 59 5
87 60 5
87 61 5
87 62 5
87 63 5
87 64 5
87 65 5
87 66 1
87 67 1
87 68 5
87 69 1
87 70 1
87 71 1
87 72 1
87 73 1
87 74 1
87 75 1
87 76 1
87 77 1
87 78 1
87 79 1
87 80 1
87 81 1
87 82 1
87 83 1
87 84 1
87 85 1
87 86 1
87 87 1
87 88 1
87 89 1
87 90 1
87 91 1
87 92 1
87 93 1
87 94 1
87 95 1
87 96 1
87 97 1
87 98 1
87 99 1
88 0 6
88 1 6
88 2 6
88 3 6
88 4 6
88 5 6
88 6 2
88 7 2
88 8 2
88 9 2
88 10 2
88 11 2
88 12 2
88 13 2
88 14 2
88 15 2
88 16 2
88 17 2
88 18 2
88 19 2
88 20 2
88 21 2
88 22 2
88 23 2
88 24 2
88 25 2
88 26 2
88 27 2
88 28 2
88 29 2
88 30 2
88 31 2
88 32 2
88 33 2
88 34 9
88 35 9
88 36 9
88 37 9
88 38 9
88 39 9
88 40 9
88 41 9
88 42 9
88 43 9
88 44 9
88 45 9
88 46 5
88 47 5
88 48 5
88 49 5
88 50 5
88 51 5
88 52 5
88 53 5
88 54 5
88 55 5
88 56 5
88 57 5
88 58 5
88 59 5
88 60 5
88 61 5
88 62 5
88 63 5
88 64 5
88 65 5
88 66 5
88 67 5
88 68 1
88 69 1
88 70 1
88 71 1
88 72 1
88 73 1
88 74 1
88 75 1
88 76 1
88 77 1
88 78 1
88 79 1
88 80 1
88 81 1
88 82 1
88 83 1
88 84 1
88 85 1
88 86 1
88 87 1
88 88 1
88 89 1
88 90 1
88 91 1
88 92 1
88 93 1
88 94 1
88 95 1
88 96 1
88 97 1
88 98 1
88 99 1
89 0 6
89 1 6
89 2 6
89 3 6
89 4 2
89 5 2
89 6 2
89 7 2
89 8 2
89 9 2
89 10 2
89 11 2
89 12 2
89 13 2
89 14 2
89 15 2
89 16 2
89 17 2
89 18 2
89 19 2
89 20 2
89 21 2
89 22 2
89 23 2
89 24 2
89 25 2
89 26 2
89 27 2
89 28 2
89 29 2
89 30 2
89 31 2
89 32 2
89 33 9
89 34 9
89 35 9
89 36 9
89 37 9
89 38 9
89 39 9
89 40 9
89 41 9
89 42 9
89 43 9
89 44 9
89 45 9
89 46 9
89 47 9
89 48 5
89 49 5
89 50 5
89 51 5
89 52 5
89 53 5
89 54 5
89 55 5
89 56 5
89 57 5
89 58 5
89 59 5
89 60 5
89 61 5
89 62 5
89 63 5
89 64 5
89 65 5
89 66 5
89 67 5
89 68 1
89 69 1
89 70 1
89 71 1
89 72 1
89 73 1
89 74 1
89 75 1
89 76 1
89 77 1
89 78 1
89 79 1
89 80 1
89 81 1
89 82 1
89 83 1
89 84 1
89 85 1
89 86 1
89 87 1
89 88 1
89 89 1
89 90 1
89 91 1
89 92 1
89 93 1
89 94 1
89 95 1
89 96 1
89 97 1
89 98 1
89 99 1
90 0 6
90 1 6
90 2 6
90 3 2
90 4 2
90 5 2
90 6 2
90 7 2
90 8 2
90 9 2
90 10 2
90 11 2
90 12 2
90 13 2
90 14 2
90 15 2
90 16 2
90 17 2
90 18 2
90 19 2
90 20 2
90 21 2
90 22 2
90 23 2
90 24 2
90 25 2
90 26 2
90 27 2
90 28 2
90 29 2
90 30 2
90 31 9
90 32 9
90 33 9
90 34 9
90 35 9
90 36 9
90 37 9
90 38 9
90 39 9
90 40 9
90 41 9
90 42 9
90 43 9
90 44 9
90 45 9
90 46 9
90 47 9
90 48 9
90 49 9
90 50 5
90 51 5
90 52 5
90 53 5
90 54 5
90 55 5
90 56 5
90 57 5
90 58 5
90 59 5
90 60 5
90 61 5
90 62 5
90 63 5
90 64 5
90 65 5
90 66 5
90 67 5
90 68 5
90 69 5
90 70 5
90 71 1
90 72 1
90 73 1
90 74 1
90 75 1
90 76 1
90 77 1
90 78 1
90 79 1
90 80 1
90 81 1
90 82 1
90 83 1
90 84 1
90 85 1
90 86 1
90 87 1
90 88 1
90 89 1
90 90 1
90 91 1
90 92 1
90 93 1
90 94 1
90 95 1
90 96 1
90 97 1
90 98 1
90 99 1
91 0 6
91 1 2
91 2 2
91 3 2
91 4 2
91 5 2
91 6 2
91 7 2
91 8 2
91 9 2
91 10 2
91 11 2
91 12 2
91 13 2
91 14 2
91 15 2
91 16 2
91 17 2
91 18 2
91 19 2
91 20 2
91 21 2
91 22 2
91 23 2
91 24 2
91 25 2
91 26 2
91 27 2
91 28 2
91 29 2
91 30 9
91 31 9
91 32 9
91 33 9
91 34 9
91 35 9
91 36 9
91 37 9
91 38 9
91 39 9
91 40 9
91 41 9
91 42 9
91 43 9
91 44 9
91 45 9
91 46 9
91 47 9
91 48 9
91 49 9
91 50 9
91 51 5
91 52 5
91 53 5
91 54 5
91 55 5
91 56 5
91 57 5
91 58 5
91 59 5
91 60 5
91 61 5
91 62 5
91 63 5
91 64 5
91 65 5
91 66 5
91 67 5
91 68 5
91 69 5
91 70 5
91 71 5
91 72 5
91 73 5
91 74 5
91 75 1
91 76 1
91 77 1
91 78 1
91 79 1
91 80 1
91 81 1
91 82 1
91 83 1
91 84 1
91 85 1
91 86 1
91 87 1
91 88 1
91 89 1
91 90 1
91 91 1
91 92 1
91 93 1
91 94 1
91 95 1
91 96 1
91 97 1
91 98 1
91 99 1
92 0 2
92 1 2
92 2 2
92 3 2
92 4 2
92 5 2
92 6 2
92 7 2
92 8 2
92 9 2
92 10 2
92 11 2
92 12 2
92 13 2
92 14 2
92 15 2
92 16 2
92 17 2
92 18 2
92 19 2
92 20 2
92 21 2
92 22 2
92 23 2
92 24 2
92 25 2
92 26 2
92 27 2
92 28 2
92 29 9
92 30 9
92 31 9
92 32 9
92 33 9
92 34 9
92 35 9
92 36 9
92 37 9
92 38 9
92 39 9
92 40 9
92 41 9
92 42 9
92 43 9
92 44 9
92 45 9
92 46 9
92 47 9
92 48 9
92 49 9
92 50 9
92 51 9
92 52 5
92 53 5
92 54 5
92 55 5
92 56 5
92 57 5
92 58 5
92 59 5
92 60 5
92 61 5
92 62 5
92 63 5
92 64 5
92 65 5
92 66 5
92 67 5
92 68 5
92 69 5
92 70 5
92 71 5
92 72 5
92 73 5
92 74 5
92 75 5
92 76 1
92 77 1
92 78 1
92 79 1
92 80 1
92 81 1
92 82 1
92 83 1
92 84 1
92 85 1
92 86 1
92 87 1
92 88 1
92 89 1
92 90 1
92 91 1
92 92 1
92 93 1
92 94 1
92 95 1
92 96 1
92 97 1
92 98 1
92 99 1
93 0 2
93 1 2
93 2 2
93 3 2
93 4 2
93 5 2
93 6 2
93 7 2
93 8 2
93 9 2
93 10 2
93 11 2
93 12 2
93 13 2
93 14 2
93 15 2
93 16 2
93 17 2
93 18 2
93 19 2
93 20 2
93 21 2
93 22 2
93 23 2
93 24 2
93 25 2
93 26 2
93 27 2
93 28 2
93 29 9
93 30 9
93 31 9
93 32 9
93 33 9
93 34 9
93 35 9
93 36 9
93 37 9
93 38 9
93 39 9
93 40 9
93 41 9
93 42 9
93 43 9
93 44 9
93 45 9
93 46 9
93 47 9
93 48 9
93 49 9
93 50 9
93 51 9
93 52 5
93 53 5
93 54 5
93 55 5
93 56 5
93 57 5
93 58 5
93 59 5
93 60 5
93 61 5
93 62 5
93 63 5
93 64 5
93 65 5
93 66 5
93 67 5
93 68 5
93 69 5
93 70 5
93 71 5
93 72 5
93 73 5
93 74 5
93 75 5
93 76 1
93 77 1
93 78 1
93 79 1
93 80 1
93 81 1
93 82 1
93 83 1
93 84 1
93 85 1
93 86 1
93 87 1
93 88 1
93 89 1
93 90 1
93 91 1
93 92 1
93 93 1
93 94 1
93 95 1
93 96 1
93 97 1
93 98 1
93 99 1
94 0 2
94 1 2
94 2 2
94 3 2
94 4 2
94 5 2
94 6 2
94 7 2
94 8 2
94 9 2
94 10 2
94 11 2
94 12 2
94 13 2
94 14 2
94 15 2
94 16 2
94 17 2
94 18 2
94 19 2
94 20 2
94 21 2
94 22 2
94 23 2
94 24 2
94 25 2
94 26 2
94 27 2
94 28 9
94 29 9
94 30 9
94 31 9
94 32 9
94 33 9
94 34 9
94 35 9
94 36 9
94 37 9
94 38 9
94 39 9
94 40 9
94 41 9
94 42 9
94 43 9
94 44 9
94 45 9
94 46 9
94 47 9
94 48 9
94 49 9
94 50 9
94 51 9
94 52 9
94 53 5
94 54 5
94 55 5
94 56 5
94 57 5
94 58 5
94 59 5
94 60 5
94 61 5
94 62 5
94 63 5
94 64 5
94 65 5
94 66 5
94 67 5
94 68 5
94 69 5
94 70 5
94 71 5
94 72 5
94 73 5
94 74 5
94 75 5
94 76 5
94 77 5
94 78 5
94 79 1
94 80 1
94 81 1
94 82 1
94 83 1
94 84 1
94 85 1
94 86 1
94 87 1
94 88 1
94 89 1
94 90 1
94 91 1
94 92 1
94 93 1
94 94 1
94 95 1
94 96 1
94 97 1
94 98 1
94 99 1
95 0 2
95 1 2
95 2 2
95 3 2
95 4 2
95 5 2
95 6 2
95 7 2
95 8 2
95 9 2
95 10 2
95 11 2
95 12 2
95 13 2
95 14 2
95 15 2
95 16 2
95 17 2
95 18 2
95 19 2
95 20 2
95 21 2
95 22 2
95 23 2
95 24 2
95 25 2
95 26 2
95 27 2
95 28 9
95 29 9
95 30 9
95 31 9
95 32 9
95 33 9
95 34 9
95 35 9
95 36 9
95 37 9
95 38 9
95 39 9
95 40 9
95 41 9
95 42 9
95 43 9
95 44 9
95 45 9
95 46 9
95 47 9
95 48 9
95 49 9
95 50 9
95 51 9
95 52 9
95 53 9
95 54 9
95 55 5
95 56 5
95 57 5
95 58 5
95 59 5
95 60 5
95 61 5
95 62 5
95 63 5
95 64 5
95 65 5
95 66 5
95 67 5
95 68 5
95 69 5
95 70 5
95 71 5
95 72 5
95 73 5
95 74 5
95 75 5
95 76 5
95 77 5
95 78 5
95 79 1
95 80 1
95 81 1
95 82 1
95 83 1
95 84 1
95 85 1
95 86 1
95 87 1
95 88 1
95 89 1
95 90 1
95 91 1
95 92 1
95 93 1
95 94 1
95 95 1
95 96 1
95 97 1
95 98 1
95 99 1
96 0 2
96 1 2
96 2 2
96 3 2
96 4 2
96 5 2
96 6 2
96 7 2
96 8 2
96 9 2
96 10 2
96 11 2
96 12 2
96 13 2
96 14 2
96 15 2
96 16 2
96 17 2
96 18 2
96 19 2
96 20 2
96 21 2
96 22 2
96 23 2
96 24 2
96 25 2
96 26 9
96 27 9
96 28 9
96 29 9
96 30 9
96 31 9
96 32 9
96 33 9
96 34 9
96 35 9
96 36 9
96 37 9
96 38 9
96 39 9
96 40 9
96 41 9
96 42 9
96 43 9
96 44 9
96 45 9
96 46 9
96 47 9
96 48 9
96 49 9
96 50 9
96 51 9
96 52 9
96 53 9
96 54 9
96 55 9
96 56 5
96 57 5
96 58 5
96 59 5
96 60 5
96 61 5
96 62 5
96 63 5
96 64 5
96 65 5
96 66 5
96 67 5
96 68 5
96 69 5
96 70 5
96 71 5
96 72 5
96 73 5
96 74 5
96 75 5
96 76 5
96 77 5
96 78 5
96 79 1
96 80 1
96 81 1
96 82 1
96 83 1
96 84 1
96 85 1
96 86 1
96 87 1
96 88 1
96 89 1
96 90 1
96 91 1
96 92 1
96 93 1
96 94 1
96 95 1
96 96 1
96 97 1
96 98 1
96 99 1
97 0 2
97 1 2
97 2 2
97 3 2
97 4 2
97 5 2
97 6 2
97 7 2
97 8 2
97 9 2
97 10 2
97 11 2
97 12 2
97 13 2
97 14 2
97 15 2
97 16 2
97 17 2
97 18 2
97 19 2
97 20 2
97 21 2
97 22 2
97 23 2
97 24 2
97 25 2
97 26 9
97 27 9
97 28 9
97 29 9
97 30 9
97 31 9
97 32 9
97 33 9
97 34 9
97 35 9
97 36 9
97 37 9
97 38 9
97 39 9
97 40 9
97 41 9
97 42 9
97 43 9
97 44 9
97 45 9
97 46 9
97 47 9
97 48 9
97 49 9
97 50 9
97 51 9
97 52 9
97 53 9
97 54 9
97 55 9
97 56 9
97 57 5
97 58 5
97 59 5
97 60 5
97 61 5
97 62 5
97 63 5
97 64 5
97 65 5
97 66 5
97 67 5
97 68 5
97 69 5
97 70 5
97 71 5
97 72 5
97 73 5
97 74 5
97 75 5
97 76 5
97 77 5
97 78 5
97 79 5
97 80 1
97 81 1
97 82 1
97 83 1
97 84 1
97 85 1
97 86 1
97 87 1
97 88 1
97 89 1
97 90 1
97 91 1
97 92 1
97 93 1
97 94 1
97 95 1
97 96 1
97 97 1
97 98 1
97 99 1
98 0 2
98 1 2
98 2 2
98 3 2
98 4 2
98 5 2
98 6 2
98 7 2
98 8 2
98 9 2
98 10 2
98 11 2
98 12 2
98 13 2
98 14 2
98 15 2
98 16 2
98 17 2
98 18 2
98 19 2
98 20 2
98 21 2
98 22 2
98 23 2
98 24 2
98 25 9
98 26 9
98 27 9
98 28 9
98 29 9
98 30 9
98 31 9
98 32 9
98 33 9
98 34 9
98 35 9
98 36 9
98 37 9
98 38 9
98 39 9
98 40 9
98 41 9
98 42 9
98 43 9
98 44 9
98 45 9
98 46 9
98 47 9
98 48 9
98 49 9
98 50 9
98 51 9
98 52 9
98 53 9
98 54 9
98 55 9
98 56 9
98 57 9
98 58 5
98 59 5
98 60 5
98 61 5
98 62 5
98 63 5
98 64 5
98 65 5
98 66 5
98 67 5
98 68 5
98 69 5
98 70 5
98 71 5
98 72 5
98 73 5
98 74 5
98 75 5
98 76 5
98 77 5
98 78 5
98 79 5
98 80 1
98 81 1
98 82 1
98 83 1
98 84 1
98 85 1
98 86 1
98 87 1
98 88 1
98 89 1
98 90 1
98 91 1
98 92 1
98 93 1
98 94 1
98 95 1
98 96 1
98 97 1
98 98 1
98 99 1
99 0 2
99 1 2
99 2 2
99 3 2
99 4 2
99 5 2
99 6 2
99 7 2
99 8 2
99 9 2
99 10 2
99 11 2
99 12 2
99 13 2
99 14 2
99 15 2
99 16 2
99 17 2
99 18 2
99 19 2
99 20 2
99 21 2
99 22 2
99 23 2
99 24 2
99 25 9
99 26 9
99 27 9
99 28 9
99 29 9
99 30 9
99 31 9
99 32 9
99 33 9
99 34 9
99 35 9
99 36 9
99 37 9
99 38 9
99 39 9
99 40 9
99 41 9
99 42 9
99 43 9
99 44 9
99 45 9
99 46 9
99 47 9
99 48 9
99 49 9
99 50 9
99 51 9
99 52 9
99 53 9
99 54 9
99 55 9
99 56 9
99 57 9
99 58 9
99 59 5
99 60 5
99 61 5
99 62 5
99 63 5
99 64 5
99 65 5
99 66 5
99 67 5
99 68 5
99 69 5
99 70 5
99 71 5
99 72 5
99 73 5
99 74 5
99 75 5
99 76 5
99 77 5
99 78 5
99 79 5
99 80 5
99 81 5
99 82 1
99 83 1
99 84 1
99 85 1
99 86 1
99 87 1
99 88 1
99 89 1
99 90 1
99 91 1
99 92 1
99 93 1
99 94 1
99 95 1
99 96 1
99 97 1
99 98 1
99 99 1
